vehicle,ride,pos,speed_probs_zero,direction_probs_zero,longitude_abs_probs_zero,longitude_probs_zero,longitude_dir_probs_zero,latitude_abs_probs_zero,latitude_probs_zero,latitude_dir_probs_zero,distance_probs_zero,speed_alternative_probs_zero,x_speed_alternative_probs_zero,x_speed_no_abs_alternative_probs_zero,y_speed_alternative_probs_zero,y_speed_no_abs_alternative_probs_zero,direction_alternative_probs_zero,direction_abs_alternative_probs_zero,speed_probs_max,direction_probs_max,longitude_abs_probs_max,longitude_probs_max,longitude_dir_probs_max,latitude_abs_probs_max,latitude_probs_max,latitude_dir_probs_max,distance_probs_max,speed_alternative_probs_max,x_speed_alternative_probs_max,x_speed_no_abs_alternative_probs_max,y_speed_alternative_probs_max,y_speed_no_abs_alternative_probs_max,direction_alternative_probs_max,direction_abs_alternative_probs_max
Vehicle_10,8389637,0,0.01798117886117524,0.002836751014742052,0.02586558557651147,0.0130687684133659,0.5329035832095284,0.035318409588799636,0.017787626218114975,0.49250875028328256,0.007871477853599576,0.008636970261627176,0.013381008737692946,0.006677914033188125,0.0435323445723063,0.00887870470626747,0.006229698083750913,0.013698285196283333,0.01798117886117524,0.002836751014742052,0.02586558557651147,0.0130687684133659,0.5329035832095284,0.035318409588799636,0.017787626218114975,0.49250875028328256,0.007871477853599576,0.008636970261627176,0.013381008737692946,0.006677914033188125,0.0435323445723063,0.00887870470626747,0.006229698083750913,0.013698285196283333
Vehicle_10,8389637,1,0.5115681233933161,0.0797872340425532,0.03539303871724677,0.029423151374370887,0.9624146216865647,0.1348330706404929,0.13924410343847685,0.951679790295,0.07992202729044834,0.05055849500293945,0.052075471698113204,0.04682779456193353,0.26676740671858656,0.10726447219069239,0.054207119741100325,0.0585419734904271,0.5115681233933161,0.0797872340425532,0.03539303871724677,0.029423151374370887,0.9624146216865647,0.1348330706404929,0.13924410343847685,0.951679790295,0.07992202729044834,0.05055849500293945,0.052075471698113204,0.04682779456193353,0.26676740671858656,0.10726447219069239,0.054207119741100325,0.0585419734904271
Vehicle_10,8389637,2,0.5443753533069531,0.044444444444444446,0.022099447513812154,0.013157894736842105,0.9674124800755652,0.33796791443850266,0.33811475409836067,0.9585474366846567,0.05737704918032787,1e-20,0.057971014492753624,0.06451612903225806,0.07314936487078405,0.08021390374331551,0.029850746268656716,0.050314465408805034,0.5443753533069531,0.044444444444444446,0.022099447513812154,0.013157894736842105,0.9674124800755652,0.33796791443850266,0.33811475409836067,0.9585474366846567,0.05737704918032787,0.744270205066345,0.057971014492753624,0.06451612903225806,0.07314936487078405,0.08021390374331551,0.029850746268656716,0.050314465408805034
Vehicle_10,8389637,3,0.04522328999434709,0.125,0.14285714285714285,0.15,0.9674124800755652,0.08283433133732535,0.05973025048169557,0.9585474366846567,0.046875,1e-20,0.020942408376963352,0.011494252873563218,0.05116959064327485,0.0125,1e-20,1e-20,0.04522328999434709,0.125,0.14285714285714285,0.15,0.9674124800755652,0.08283433133732535,0.05973025048169557,0.9585474366846567,0.046875,0.744270205066345,0.020942408376963352,0.011494252873563218,0.05116959064327485,0.0125,0.06060606060606061,0.021739130434782608
Vehicle_10,8389637,4,0.24,0.10344827586206896,0.2,0.19230769230769232,0.9674124800755652,0.16420361247947454,0.1799163179916318,0.9585474366846567,0.12121212121212122,1e-20,0.017857142857142856,0.037037037037037035,0.09345794392523364,0.07142857142857142,1e-20,1e-20,0.24,0.10344827586206896,0.2,0.19230769230769232,0.9674124800755652,0.16420361247947454,0.1799163179916318,0.9585474366846567,0.12121212121212122,0.744270205066345,0.017857142857142856,0.037037037037037035,0.09345794392523364,0.07142857142857142,0.14285714285714285,0.06060606060606061
Vehicle_10,8389637,5,0.20795660036166366,0.463768115942029,0.024242424242424242,0.025157232704402517,0.9674124800755652,0.22415219189412738,0.20593692022263452,0.9585474366846567,0.020766773162939296,1e-20,0.020833333333333332,0.07317073170731707,0.11217183770883055,0.08108108108108109,0.0625,0.02631578947368421,0.20795660036166366,0.463768115942029,0.024242424242424242,0.025157232704402517,0.9674124800755652,0.22415219189412738,0.20593692022263452,0.9585474366846567,0.020766773162939296,0.744270205066345,0.020833333333333332,0.07317073170731707,0.11217183770883055,0.08108108108108109,0.0625,0.02631578947368421
Vehicle_10,8389637,6,0.13855421686746988,0.043478260869565216,0.18666666666666668,0.20512820512820512,0.9674124800755652,0.2979591836734694,0.292817679558011,0.9585474366846567,0.19767441860465115,1e-20,0.017142857142857144,0.012658227848101266,0.25748502994011974,0.04411764705882353,0.0625,0.08854166666666667,0.13855421686746988,0.043478260869565216,0.18666666666666668,0.20512820512820512,0.9674124800755652,0.2979591836734694,0.292817679558011,0.9585474366846567,0.19767441860465115,0.744270205066345,0.017142857142857144,0.012658227848101266,0.25748502994011974,0.04411764705882353,0.0625,0.08854166666666667
Vehicle_10,8389637,7,0.19321533923303835,0.11764705882352941,0.2022792022792023,0.19704433497536947,0.9674124800755652,0.14573070607553365,0.13689936536718042,0.9585474366846567,0.0521978021978022,1e-20,0.06578947368421052,0.06976744186046512,0.22505800464037123,1e-20,0.08,0.08121827411167512,0.19321533923303835,0.11764705882352941,0.2022792022792023,0.19704433497536947,0.9674124800755652,0.14573070607553365,0.13689936536718042,0.9585474366846567,0.0521978021978022,0.744270205066345,0.06578947368421052,0.06976744186046512,0.22505800464037123,0.08571428571428572,0.08,0.08121827411167512
Vehicle_10,8389637,8,0.17587301587301588,0.07894736842105263,0.3402835696413678,0.37365269461077844,0.9674124800755652,0.15586690017513136,0.13877551020408163,0.9585474366846567,0.2288,1e-20,0.033707865168539325,1e-20,0.10208816705336426,1e-20,0.1,0.10457516339869281,0.17587301587301588,0.07894736842105263,0.3402835696413678,0.37365269461077844,0.9674124800755652,0.15586690017513136,0.13877551020408163,0.9585474366846567,0.2288,0.744270205066345,0.033707865168539325,0.018518518518518517,0.10208816705336426,0.03125,0.1,0.10457516339869281
Vehicle_10,8389637,9,0.30254350736278446,0.05555555555555555,0.3402835696413678,0.37365269461077844,0.9674124800755652,0.19801980198019803,0.19411764705882353,0.9585474366846567,0.30338983050847457,1e-20,0.125,0.10344827586206896,0.13221884498480244,0.16666666666666666,0.06976744186046512,0.0678391959798995,0.30254350736278446,0.05555555555555555,0.3402835696413678,0.37365269461077844,0.9674124800755652,0.19801980198019803,0.19411764705882353,0.9585474366846567,0.30338983050847457,0.744270205066345,0.125,0.10344827586206896,0.13221884498480244,0.16666666666666666,0.06976744186046512,0.0678391959798995
Vehicle_10,8389637,10,0.4996825396825397,0.047619047619047616,0.13678065054211844,0.14610778443113773,0.9674124800755652,0.16111611161116113,0.16339869281045752,0.9585474366846567,0.1135593220338983,1e-20,0.02912621359223301,0.02631578947368421,0.019287833827893175,1e-20,0.10126582278481013,0.08670520231213873,0.4996825396825397,0.047619047619047616,0.13678065054211844,0.14610778443113773,0.9674124800755652,0.16111611161116113,0.16339869281045752,0.9585474366846567,0.1135593220338983,0.744270205066345,0.02912621359223301,0.02631578947368421,0.019287833827893175,0.03333333333333333,0.10126582278481013,0.08670520231213873
Vehicle_10,8389637,11,0.7014019951469399,0.16666666666666666,0.2465753424657534,0.2518703241895262,0.9674124800755652,0.22826086956521738,0.2727272727272727,0.9585474366846567,0.1624203821656051,1e-20,0.041666666666666664,1e-20,0.04316546762589928,1e-20,0.044642857142857144,0.03424657534246575,0.7014019951469399,0.16666666666666666,0.2465753424657534,0.2518703241895262,0.9674124800755652,0.22826086956521738,0.2727272727272727,0.9585474366846567,0.1624203821656051,0.744270205066345,0.041666666666666664,0.3333333333333333,0.04316546762589928,0.14285714285714285,0.044642857142857144,0.03424657534246575
Vehicle_10,8389637,12,0.7014019951469399,0.02564102564102564,0.2673076923076923,0.27696793002915454,0.9674124800755652,0.04016477857878476,0.04589371980676329,0.9585474366846567,0.18973214285714285,1e-20,0.03571428571428571,1e-20,0.04669260700389105,0.05263157894736842,0.05,0.024096385542168676,0.7014019951469399,0.02564102564102564,0.2673076923076923,0.27696793002915454,0.9674124800755652,0.04016477857878476,0.04589371980676329,0.9585474366846567,0.18973214285714285,0.744270205066345,0.03571428571428571,0.06896551724137931,0.04669260700389105,0.05263157894736842,0.05,0.024096385542168676
Vehicle_10,8389637,13,0.7014019951469399,0.15,0.1542952460383653,0.15449101796407186,0.9674124800755652,0.2392638036809816,0.2125,0.9585474366846567,0.24885844748858446,1e-20,0.021739130434782608,0.034482758620689655,0.047619047619047616,1e-20,0.07407407407407407,0.06521739130434782,0.7014019951469399,0.15,0.1542952460383653,0.15449101796407186,0.9674124800755652,0.2392638036809816,0.2125,0.9585474366846567,0.24885844748858446,0.744270205066345,0.021739130434782608,0.034482758620689655,0.047619047619047616,0.12195121951219512,0.07407407407407407,0.06521739130434782
Vehicle_10,8389637,14,0.7014019951469399,0.08695652173913043,0.1437125748502994,0.168141592920354,0.9674124800755652,0.18848167539267016,0.1836734693877551,0.9585474366846567,0.13616071428571427,1e-20,0.05737704918032787,0.06097560975609756,0.08108108108108109,0.034482758620689655,0.06306306306306306,0.08085106382978724,0.7014019951469399,0.08695652173913043,0.1437125748502994,0.168141592920354,0.9674124800755652,0.18848167539267016,0.1836734693877551,0.9585474366846567,0.13616071428571427,0.744270205066345,0.05737704918032787,0.06097560975609756,0.08108108108108109,0.034482758620689655,0.06306306306306306,0.08085106382978724
Vehicle_10,8389637,15,0.7014019951469399,0.2318840579710145,0.1935483870967742,0.2116564417177914,0.9674124800755652,0.15555555555555556,0.14204545454545456,0.9585474366846567,0.1510791366906475,1e-20,0.08,0.0625,0.06395348837209303,0.10714285714285714,0.14102564102564102,0.1130952380952381,0.7014019951469399,0.2318840579710145,0.1935483870967742,0.2116564417177914,0.9674124800755652,0.15555555555555556,0.14204545454545456,0.9585474366846567,0.1510791366906475,0.744270205066345,0.08,0.0625,0.06395348837209303,0.10714285714285714,0.14102564102564102,0.1130952380952381
Vehicle_10,8389637,16,0.7014019951469399,0.10144927536231885,0.13333333333333333,0.15296803652968036,0.9674124800755652,0.3411371237458194,0.34296028880866425,0.9585474366846567,0.1592356687898089,1e-20,0.08547008547008547,0.041237113402061855,0.1111111111111111,0.06779661016949153,0.1037037037037037,0.12267657992565056,0.7014019951469399,0.10144927536231885,0.13333333333333333,0.15296803652968036,0.9674124800755652,0.3411371237458194,0.34296028880866425,0.9585474366846567,0.1592356687898089,0.744270205066345,0.08547008547008547,0.041237113402061855,0.1111111111111111,0.06779661016949153,0.1037037037037037,0.12267657992565056
Vehicle_10,8389637,17,0.7014019951469399,0.1951219512195122,0.10703363914373089,0.11864406779661017,0.9674124800755652,0.3732876712328767,0.36162361623616235,0.9585474366846567,0.04501607717041801,1e-20,0.016129032258064516,0.012987012987012988,0.08187134502923976,0.023255813953488372,0.031007751937984496,0.05454545454545454,0.7014019951469399,0.1951219512195122,0.10703363914373089,0.11864406779661017,0.9674124800755652,0.3732876712328767,0.36162361623616235,0.9585474366846567,0.04501607717041801,0.744270205066345,0.016129032258064516,0.012987012987012988,0.08187134502923976,0.023255813953488372,0.031007751937984496,0.05454545454545454
Vehicle_10,8389637,18,0.7014019951469399,0.175,0.2206896551724138,0.22340425531914893,0.9674124800755652,0.3451178451178451,0.35125448028673834,0.9585474366846567,0.18584070796460178,1e-20,0.07142857142857142,0.04,0.11515151515151516,1e-20,0.08045977011494253,0.07608695652173914,0.7014019951469399,0.175,0.2206896551724138,0.22340425531914893,0.9674124800755652,0.3451178451178451,0.35125448028673834,0.9585474366846567,0.18584070796460178,0.744270205066345,0.07142857142857142,0.04,0.11515151515151516,0.058823529411764705,0.08045977011494253,0.07608695652173914
Vehicle_10,8389637,19,0.14491776759234296,0.11764705882352941,0.2344632768361582,0.2412280701754386,0.9674124800755652,0.23244147157190637,0.19855595667870035,0.9585474366846567,0.13761467889908258,1e-20,0.07228915662650602,0.030303030303030304,0.0861244019138756,0.03333333333333333,0.10897435897435898,0.1032258064516129,0.14491776759234296,0.11764705882352941,0.2344632768361582,0.2412280701754386,0.9674124800755652,0.23244147157190637,0.19855595667870035,0.9585474366846567,0.13761467889908258,0.744270205066345,0.07228915662650602,0.030303030303030304,0.0861244019138756,0.03333333333333333,0.10897435897435898,0.1032258064516129
Vehicle_10,8389637,20,0.24739039665970772,0.08333333333333333,0.2673076923076923,0.27696793002915454,0.9674124800755652,0.297423887587822,0.22994652406417113,0.9585474366846567,0.16666666666666666,1e-20,0.11403508771929824,0.043478260869565216,0.1286549707602339,0.05555555555555555,0.20481927710843373,0.17714285714285713,0.24739039665970772,0.08333333333333333,0.2673076923076923,0.27696793002915454,0.9674124800755652,0.297423887587822,0.22994652406417113,0.9585474366846567,0.16666666666666666,0.744270205066345,0.11403508771929824,0.043478260869565216,0.1286549707602339,0.05555555555555555,0.20481927710843373,0.17714285714285713
Vehicle_10,8389637,21,0.5866076369673492,0.3333333333333333,0.3402835696413678,0.37365269461077844,0.9674124800755652,0.35568993952721273,0.3426666666666667,0.9585474366846567,0.2531446540880503,1e-20,0.06578947368421052,0.06329113924050633,0.07380073800738007,1e-20,0.30246913580246915,0.23511904761904762,0.5866076369673492,0.3333333333333333,0.3402835696413678,0.37365269461077844,0.9674124800755652,0.35568993952721273,0.3426666666666667,0.9585474366846567,0.2531446540880503,0.744270205066345,0.06578947368421052,0.06329113924050633,0.07380073800738007,0.05,0.30246913580246915,0.23511904761904762
Vehicle_10,8389637,22,0.7014019951469399,0.11904761904761904,0.3402835696413678,0.37365269461077844,0.9674124800755652,0.35568993952721273,0.3426666666666667,0.9585474366846567,0.2531446540880503,1e-20,0.028985507246376812,0.05263157894736842,0.05583756345177665,1e-20,0.30246913580246915,0.23511904761904762,0.7014019951469399,0.11904761904761904,0.3402835696413678,0.37365269461077844,0.9674124800755652,0.35568993952721273,0.3426666666666667,0.9585474366846567,0.2531446540880503,0.744270205066345,0.028985507246376812,0.05263157894736842,0.05583756345177665,0.037037037037037035,0.30246913580246915,0.23511904761904762
Vehicle_10,8389637,23,0.7014019951469399,0.14583333333333334,0.3402835696413678,0.37365269461077844,0.9674124800755652,0.1440351841671248,0.14533333333333334,0.9585474366846567,0.15880503144654087,1e-20,0.1,0.02564102564102564,0.10457516339869281,0.10526315789473684,0.08024691358024691,0.08035714285714286,0.7014019951469399,0.14583333333333334,0.3402835696413678,0.37365269461077844,0.9674124800755652,0.1440351841671248,0.14533333333333334,0.9585474366846567,0.15880503144654087,0.744270205066345,0.1,0.02564102564102564,0.10457516339869281,0.10526315789473684,0.08024691358024691,0.08035714285714286
Vehicle_10,8389637,24,0.7014019951469399,0.2,0.3402835696413678,0.37365269461077844,0.9674124800755652,0.2471655328798186,0.22058823529411764,0.9585474366846567,0.24885844748858446,1e-20,0.11842105263157894,0.08333333333333333,0.15057915057915058,0.1111111111111111,0.05263157894736842,0.07746478873239436,0.7014019951469399,0.2,0.3402835696413678,0.37365269461077844,0.9674124800755652,0.2471655328798186,0.22058823529411764,0.9585474366846567,0.24885844748858446,0.744270205066345,0.11842105263157894,0.08333333333333333,0.15057915057915058,0.1111111111111111,0.05263157894736842,0.07746478873239436
Vehicle_10,8389637,25,0.7014019951469399,0.03333333333333333,0.1542952460383653,0.15449101796407186,0.9674124800755652,0.13995215311004786,0.15258855585831063,0.9585474366846567,0.13616071428571427,1e-20,0.07035175879396985,0.15384615384615385,0.11777777777777777,0.10909090909090909,0.017857142857142856,0.02857142857142857,0.7014019951469399,0.03333333333333333,0.1542952460383653,0.15449101796407186,0.9674124800755652,0.13995215311004786,0.15258855585831063,0.9585474366846567,0.13616071428571427,0.744270205066345,0.07035175879396985,0.15384615384615385,0.11777777777777777,0.10909090909090909,0.017857142857142856,0.02857142857142857
Vehicle_10,8389637,26,0.7014019951469399,0.11538461538461539,0.13622754491017963,0.14823008849557523,0.9674124800755652,0.14285714285714285,0.15441176470588236,0.9585474366846567,0.17026378896882494,1e-20,0.1317365269461078,0.06349206349206349,0.14392059553349876,0.016666666666666666,0.047619047619047616,0.08421052631578947,0.7014019951469399,0.11538461538461539,0.13622754491017963,0.14823008849557523,0.9674124800755652,0.14285714285714285,0.15441176470588236,0.9585474366846567,0.17026378896882494,0.744270205066345,0.1317365269461078,0.06349206349206349,0.14392059553349876,0.016666666666666666,0.047619047619047616,0.08421052631578947
Vehicle_10,8389637,27,0.7014019951469399,0.014705882352941176,0.3131991051454139,0.3521594684385382,0.9674124800755652,0.3411371237458194,0.34296028880866425,0.9585474366846567,0.30338983050847457,1e-20,0.04838709677419355,0.03896103896103896,0.103515625,0.023255813953488372,0.28802588996763756,0.23754152823920266,0.7014019951469399,0.014705882352941176,0.3131991051454139,0.3521594684385382,0.9674124800755652,0.3411371237458194,0.34296028880866425,0.9585474366846567,0.30338983050847457,0.744270205066345,0.04838709677419355,0.03896103896103896,0.103515625,0.023255813953488372,0.28802588996763756,0.23754152823920266
Vehicle_10,8389637,28,0.7014019951469399,0.1724137931034483,0.011086474501108648,0.0033333333333333335,0.9674124800755652,0.07191780821917808,0.08118081180811808,0.9585474366846567,0.003389830508474576,1e-20,1e-20,1e-20,0.019455252918287938,1e-20,0.06796116504854369,0.07475083056478406,0.7014019951469399,0.1724137931034483,0.011086474501108648,0.0033333333333333335,0.9674124800755652,0.07191780821917808,0.08118081180811808,0.9585474366846567,0.003389830508474576,0.744270205066345,0.007633587786259542,0.02127659574468085,0.019455252918287938,0.03225806451612903,0.06796116504854369,0.07475083056478406
Vehicle_10,8389637,29,0.004044216770018873,0.13043478260869565,0.031746031746031744,1e-20,0.9674124800755652,0.00911854103343465,1e-20,0.9585474366846567,0.08333333333333333,1e-20,1e-20,1e-20,0.041666666666666664,0.0039181124568781,0.0962962962962963,0.07063197026022305,0.004044216770018873,0.13043478260869565,0.031746031746031744,0.07894736842105263,0.9674124800755652,0.00911854103343465,0.019867549668874173,0.9585474366846567,0.08333333333333333,0.744270205066345,0.1111111111111111,0.5,0.041666666666666664,1.0,0.0962962962962963,0.07063197026022305
Vehicle_10,8389637,30,0.05084745762711865,0.15789473684210525,0.05555555555555555,1e-20,0.9674124800755652,0.0975609756097561,0.10344827586206896,0.9585474366846567,1e-20,1e-20,1e-20,1e-20,0.10679611650485436,1e-20,0.14049586776859505,0.15178571428571427,0.05084745762711865,0.15789473684210525,0.05555555555555555,0.1,0.9674124800755652,0.0975609756097561,0.10344827586206896,0.9585474366846567,0.07692307692307693,0.744270205066345,0.03225806451612903,0.2,0.10679611650485436,0.1,0.14049586776859505,0.15178571428571427
Vehicle_10,8389637,31,0.02857142857142857,0.07692307692307693,0.04452054794520548,0.031578947368421054,0.9674124800755652,0.1459227467811159,0.1619047619047619,0.9585474366846567,0.0410958904109589,1e-20,0.03225806451612903,1e-20,0.045454545454545456,1e-20,0.03773584905660377,0.04878048780487805,0.02857142857142857,0.07692307692307693,0.04452054794520548,0.031578947368421054,0.9674124800755652,0.1459227467811159,0.1619047619047619,0.9585474366846567,0.0410958904109589,0.744270205066345,0.03225806451612903,0.09090909090909091,0.045454545454545456,0.08333333333333333,0.03773584905660377,0.04878048780487805
Vehicle_10,8389637,32,0.14798206278026907,0.11904761904761904,0.017857142857142856,0.03225806451612903,0.9674124800755652,0.057432432432432436,0.046511627906976744,0.9585474366846567,0.0196078431372549,1e-20,1e-20,1e-20,0.04487179487179487,1e-20,0.13513513513513514,0.1407766990291262,0.14798206278026907,0.11904761904761904,0.017857142857142856,0.03225806451612903,0.9674124800755652,0.057432432432432436,0.046511627906976744,0.9585474366846567,0.0196078431372549,0.744270205066345,0.06060606060606061,0.125,0.04487179487179487,0.14285714285714285,0.13513513513513514,0.1407766990291262
Vehicle_10,8389637,33,0.10962962962962963,0.03333333333333333,0.07142857142857142,1e-20,0.9674124800755652,0.12558139534883722,0.16346153846153846,0.9585474366846567,0.03571428571428571,1e-20,0.09090909090909091,1e-20,0.023809523809523808,1e-20,0.15942028985507245,0.21987951807228914,0.10962962962962963,0.03333333333333333,0.07142857142857142,0.125,0.9674124800755652,0.12558139534883722,0.16346153846153846,0.9585474366846567,0.03571428571428571,0.744270205066345,0.09090909090909091,0.3333333333333333,0.023809523809523808,0.16666666666666666,0.15942028985507245,0.21987951807228914
Vehicle_10,8389637,34,0.059895833333333336,0.23333333333333334,0.08333333333333333,0.17647058823529413,0.9674124800755652,0.12105263157894737,0.12631578947368421,0.9585474366846567,0.045454545454545456,1e-20,1e-20,1e-20,0.017241379310344827,1e-20,0.17391304347826086,0.18072289156626506,0.059895833333333336,0.23333333333333334,0.08333333333333333,0.17647058823529413,0.9674124800755652,0.12105263157894737,0.12631578947368421,0.9585474366846567,0.045454545454545456,0.744270205066345,0.02564102564102564,0.07692307692307693,0.017241379310344827,0.08333333333333333,0.17391304347826086,0.18072289156626506
Vehicle_10,8389637,35,0.17333333333333334,0.24242424242424243,0.034482758620689655,0.07142857142857142,0.9674124800755652,0.10273972602739725,0.041666666666666664,0.9585474366846567,1e-20,1e-20,1e-20,1e-20,0.15625,1e-20,0.21551724137931033,0.1969111969111969,0.17333333333333334,0.24242424242424243,0.034482758620689655,0.07142857142857142,0.9674124800755652,0.10273972602739725,0.041666666666666664,0.9585474366846567,0.038461538461538464,0.744270205066345,0.08333333333333333,0.5,0.15625,0.14285714285714285,0.21551724137931033,0.1969111969111969
Vehicle_10,8389637,36,0.1358695652173913,0.15151515151515152,1e-20,1e-20,0.9674124800755652,0.06993006993006994,0.08333333333333333,0.9585474366846567,1e-20,1e-20,1e-20,1e-20,0.014492753623188406,1e-20,0.1111111111111111,0.12814070351758794,0.1358695652173913,0.15151515151515152,0.058823529411764705,0.06666666666666667,0.9674124800755652,0.06993006993006994,0.08333333333333333,0.9585474366846567,0.125,0.744270205066345,0.09090909090909091,0.1,0.014492753623188406,0.08333333333333333,0.1111111111111111,0.12814070351758794
Vehicle_10,8389637,37,0.15286624203821655,0.038461538461538464,0.08333333333333333,0.10526315789473684,0.9674124800755652,0.125,0.09090909090909091,0.9585474366846567,0.1,1e-20,1e-20,0.3333333333333333,1e-20,1e-20,0.03773584905660377,0.051181102362204724,0.15286624203821655,0.038461538461538464,0.08333333333333333,0.10526315789473684,0.9674124800755652,0.125,0.09090909090909091,0.9585474366846567,0.1,0.744270205066345,0.25,0.3333333333333333,0.038461538461538464,0.25,0.03773584905660377,0.051181102362204724
Vehicle_10,8389637,38,0.05442176870748299,0.06666666666666667,0.10344827586206896,0.125,0.9674124800755652,0.07142857142857142,0.13333333333333333,0.9585474366846567,0.022727272727272728,1e-20,1e-20,0.125,0.07407407407407407,0.2,0.1323529411764706,0.14189189189189189,0.05442176870748299,0.06666666666666667,0.10344827586206896,0.125,0.9674124800755652,0.07142857142857142,0.13333333333333333,0.9585474366846567,0.022727272727272728,0.744270205066345,0.16666666666666666,0.125,0.07407407407407407,0.2,0.1323529411764706,0.14189189189189189
Vehicle_10,8389637,39,0.14465408805031446,0.14893617021276595,0.09090909090909091,0.06666666666666667,0.9674124800755652,0.024390243902439025,1e-20,0.9585474366846567,1e-20,1e-20,1e-20,1e-20,1e-20,1e-20,0.12418300653594772,0.1271186440677966,0.14465408805031446,0.14893617021276595,0.09090909090909091,0.06666666666666667,0.9674124800755652,0.024390243902439025,0.16,0.9585474366846567,0.034482758620689655,0.744270205066345,0.1111111111111111,0.3333333333333333,0.13043478260869565,1.0,0.12418300653594772,0.1271186440677966
Vehicle_10,8389637,40,0.05847953216374269,0.14285714285714285,0.02857142857142857,1e-20,0.9674124800755652,0.11764705882352941,0.0625,0.9585474366846567,1e-20,1e-20,1e-20,1e-20,1e-20,1e-20,0.16304347826086957,0.11764705882352941,0.05847953216374269,0.14285714285714285,0.02857142857142857,0.05,0.9674124800755652,0.11764705882352941,0.0625,0.9585474366846567,0.11764705882352941,0.744270205066345,0.13333333333333333,0.3333333333333333,0.05,0.3333333333333333,0.16304347826086957,0.11764705882352941
Vehicle_10,8389637,41,0.07291666666666667,0.06382978723404255,0.1,1e-20,0.9674124800755652,0.11764705882352941,0.125,0.9585474366846567,1e-20,1e-20,0.0018633696774356004,0.000513685694860625,1e-20,0.0003474932641704228,0.1827956989247312,0.19339622641509435,0.07291666666666667,0.06382978723404255,0.1,0.25,0.9674124800755652,0.11764705882352941,0.125,0.9585474366846567,0.1111111111111111,0.744270205066345,1.0,1.0,0.2,1.0,0.1827956989247312,0.19339622641509435
Vehicle_10,8389637,42,0.08571428571428572,0.07936507936507936,0.06060606060606061,1e-20,0.9674124800755652,0.034482758620689655,0.07894736842105263,0.9585474366846567,0.029411764705882353,1e-20,1e-20,1e-20,1e-20,0.0006698058570241483,0.09803921568627451,0.0903954802259887,0.08571428571428572,0.07936507936507936,0.06060606060606061,0.07692307692307693,0.9674124800755652,0.034482758620689655,0.07894736842105263,0.9585474366846567,0.029411764705882353,0.744270205066345,0.3333333333333333,1.0,0.25,1.0,0.09803921568627451,0.0903954802259887
Vehicle_10,8389637,43,0.11450381679389313,0.1956521739130435,0.13725490196078433,0.15384615384615385,0.9674124800755652,0.1111111111111111,0.16,0.9585474366846567,0.05263157894736842,1e-20,0.003102258706217108,1e-20,1e-20,1e-20,0.11428571428571428,0.12903225806451613,0.11450381679389313,0.1956521739130435,0.13725490196078433,0.15384615384615385,0.9674124800755652,0.1111111111111111,0.16,0.9585474366846567,0.05263157894736842,0.744270205066345,0.3333333333333333,1.0,0.07142857142857142,1.0,0.11428571428571428,0.12903225806451613
Vehicle_10,8389637,44,0.21965317919075145,0.08163265306122448,0.0196078431372549,0.038461538461538464,0.9674124800755652,0.11578947368421053,0.16326530612244897,0.9585474366846567,0.04,1e-20,1e-20,1e-20,1e-20,1e-20,0.1523809523809524,0.17647058823529413,0.21965317919075145,0.08163265306122448,0.0196078431372549,0.038461538461538464,0.9674124800755652,0.11578947368421053,0.16326530612244897,0.9585474366846567,0.04,0.744270205066345,0.25,1.0,0.06666666666666667,0.3333333333333333,0.1523809523809524,0.17647058823529413
Vehicle_10,8389637,45,0.1228813559322034,0.1,1e-20,1e-20,0.9674124800755652,0.07042253521126761,0.08823529411764706,0.9585474366846567,0.025,1e-20,1e-20,1e-20,1e-20,1e-20,0.2573099415204678,0.27638190954773867,0.1228813559322034,0.1,0.08333333333333333,0.08333333333333333,0.9674124800755652,0.07042253521126761,0.08823529411764706,0.9585474366846567,0.025,0.744270205066345,0.25,0.125,0.03333333333333333,0.5,0.2573099415204678,0.27638190954773867
Vehicle_10,8389637,46,0.10222222222222223,0.21153846153846154,0.058823529411764705,1e-20,0.9674124800755652,0.1,1e-20,0.9585474366846567,0.05555555555555555,1e-20,0.0012388890287815073,0.0003323848613804044,1e-20,0.00028705965301034924,0.06432748538011696,0.05527638190954774,0.10222222222222223,0.21153846153846154,0.058823529411764705,0.2222222222222222,0.9674124800755652,0.1,0.30434782608695654,0.9585474366846567,0.05555555555555555,0.744270205066345,1.0,1.0,1.0,1.0,0.06432748538011696,0.05527638190954774
Vehicle_10,8389637,47,0.19285714285714287,0.1044776119402985,0.05263157894736842,0.125,0.9674124800755652,0.07692307692307693,0.045454545454545456,0.9585474366846567,1e-20,1e-20,0.0018432251403822425,0.000579155440284038,1e-20,0.00042807141238385414,0.20634920634920634,0.19852941176470587,0.19285714285714287,0.1044776119402985,0.05263157894736842,0.125,0.9674124800755652,0.07692307692307693,0.045454545454545456,0.9585474366846567,0.04,0.744270205066345,1.0,1.0,0.3333333333333333,1.0,0.20634920634920634,0.19852941176470587
Vehicle_10,8389637,48,0.045081967213114756,0.2857142857142857,0.15789473684210525,0.18181818181818182,0.9674124800755652,0.05263157894736842,1e-20,0.9585474366846567,0.1111111111111111,1e-20,1e-20,0.0006043361116007353,1e-20,0.0002820235187470098,0.3018867924528302,0.25853658536585367,0.045081967213114756,0.2857142857142857,0.15789473684210525,0.18181818181818182,0.9674124800755652,0.05263157894736842,0.125,0.9585474366846567,0.1111111111111111,0.744270205066345,0.25,1.0,0.06666666666666667,0.5,0.3018867924528302,0.25853658536585367
Vehicle_10,8389637,49,0.06896551724137931,0.2318840579710145,1e-20,1e-20,0.9674124800755652,0.09183673469387756,0.06521739130434782,0.9585474366846567,0.041666666666666664,1e-20,1e-20,0.000644625185707451,0.047619047619047616,1e-20,0.08414239482200647,0.08970099667774087,0.06896551724137931,0.2318840579710145,0.04,0.09090909090909091,0.9674124800755652,0.09183673469387756,0.06521739130434782,0.9585474366846567,0.041666666666666664,0.744270205066345,0.5,0.5,0.047619047619047616,1.0,0.08414239482200647,0.08970099667774087
Vehicle_10,8389637,50,0.05263157894736842,0.10144927536231885,0.047619047619047616,1e-20,0.9674124800755652,0.05747126436781609,0.05263157894736842,0.9585474366846567,0.07142857142857142,1e-20,1e-20,1e-20,1e-20,1e-20,0.16363636363636364,0.17410714285714285,0.05263157894736842,0.10144927536231885,0.047619047619047616,0.18181818181818182,0.9674124800755652,0.05747126436781609,0.05263157894736842,0.9585474366846567,0.07142857142857142,0.744270205066345,0.5,0.2,0.06666666666666667,1.0,0.16363636363636364,0.17410714285714285
Vehicle_10,8389637,51,0.07246376811594203,0.17073170731707318,1e-20,1e-20,0.9674124800755652,0.07142857142857142,0.08695652173913043,0.9585474366846567,1e-20,1e-20,0.3333333333333333,1e-20,1e-20,0.0009165764359277818,0.08333333333333333,0.12389380530973451,0.07246376811594203,0.17073170731707318,0.16666666666666666,0.2857142857142857,0.9674124800755652,0.07142857142857142,0.08695652173913043,0.9585474366846567,0.045454545454545456,0.744270205066345,0.3333333333333333,1.0,0.0625,1.0,0.08333333333333333,0.12389380530973451
Vehicle_10,8389637,52,0.1267605633802817,0.1917808219178082,0.2,1e-20,0.9674124800755652,0.0847457627118644,0.03571428571428571,0.9585474366846567,1e-20,1e-20,1e-20,1e-20,1e-20,0.00031224032432704653,0.04716981132075472,0.06060606060606061,0.1267605633802817,0.1917808219178082,0.2,0.3333333333333333,0.9674124800755652,0.0847457627118644,0.03571428571428571,0.9585474366846567,0.09090909090909091,0.744270205066345,0.3333333333333333,1.0,0.1,1.0,0.04716981132075472,0.06060606060606061
Vehicle_10,8389637,53,0.10989010989010989,0.1,1e-20,1e-20,0.9674124800755652,0.16666666666666666,0.2,0.9585474366846567,1e-20,1e-20,1e-20,1e-20,1e-20,0.0008007453478709743,0.12962962962962962,0.13178294573643412,0.10989010989010989,0.1,0.09090909090909091,0.14285714285714285,0.9674124800755652,0.16666666666666666,0.2,0.9585474366846567,0.125,0.744270205066345,1.0,1.0,0.25,1.0,0.12962962962962962,0.13178294573643412
Vehicle_10,8389637,54,0.12244897959183673,0.14634146341463414,0.06060606060606061,0.058823529411764705,0.9674124800755652,0.22748815165876776,0.22727272727272727,0.9585474366846567,0.1,1e-20,1e-20,1e-20,1e-20,0.0005590109032306801,0.14150943396226415,0.14146341463414633,0.12244897959183673,0.14634146341463414,0.06060606060606061,0.058823529411764705,0.9674124800755652,0.22748815165876776,0.22727272727272727,0.9585474366846567,0.1,0.744270205066345,1.0,1.0,0.2,1.0,0.14150943396226415,0.14146341463414633
Vehicle_10,8389637,55,0.046610169491525424,0.14285714285714285,0.25,0.2857142857142857,0.9674124800755652,0.05687203791469194,0.03636363636363636,0.9585474366846567,0.037037037037037035,1e-20,1e-20,0.0007503840052375797,1e-20,0.0007302394681842218,0.19090909090909092,0.16517857142857142,0.046610169491525424,0.14285714285714285,0.25,0.2857142857142857,0.9674124800755652,0.05687203791469194,0.03636363636363636,0.9585474366846567,0.037037037037037035,0.744270205066345,1.0,1.0,0.09090909090909091,1.0,0.19090909090909092,0.16517857142857142
Vehicle_10,8389637,56,0.13440860215053763,0.2318840579710145,0.07692307692307693,0.16666666666666666,0.9674124800755652,0.09345794392523364,0.07142857142857142,0.9585474366846567,0.09523809523809523,1e-20,1e-20,1e-20,0.07142857142857142,1e-20,0.14150943396226415,0.14146341463414633,0.13440860215053763,0.2318840579710145,0.07692307692307693,0.16666666666666666,0.9674124800755652,0.09345794392523364,0.07142857142857142,0.9585474366846567,0.09523809523809523,0.744270205066345,1.0,0.25,0.07142857142857142,1.0,0.14150943396226415,0.14146341463414633
Vehicle_10,8389637,57,0.17391304347826086,0.13043478260869565,1e-20,1e-20,0.9674124800755652,0.09523809523809523,0.09375,0.9585474366846567,0.08695652173913043,1e-20,1e-20,1e-20,1e-20,1e-20,0.13636363636363635,0.14285714285714285,0.17391304347826086,0.13043478260869565,0.047619047619047616,0.1,0.9674124800755652,0.09523809523809523,0.09375,0.9585474366846567,0.08695652173913043,0.744270205066345,0.1111111111111111,1.0,0.04,0.3333333333333333,0.13636363636363635,0.14285714285714285
Vehicle_10,8389637,58,0.20588235294117646,0.15789473684210525,1e-20,1e-20,0.9674124800755652,0.1724137931034483,0.15151515151515152,0.9585474366846567,1e-20,1e-20,1e-20,1e-20,0.043478260869565216,1e-20,0.20512820512820512,0.18518518518518517,0.20588235294117646,0.15789473684210525,0.0625,0.14285714285714285,0.9674124800755652,0.1724137931034483,0.15151515151515152,0.9585474366846567,0.041666666666666664,0.744270205066345,0.25,0.5,0.043478260869565216,0.5,0.20512820512820512,0.18518518518518517
Vehicle_10,8389637,59,0.029411764705882353,0.11538461538461539,1e-20,1e-20,0.9674124800755652,0.11235955056179775,0.10714285714285714,0.9585474366846567,1e-20,1e-20,1e-20,0.0006194445143907537,1e-20,1e-20,0.10377358490566038,0.15121951219512195,0.029411764705882353,0.11538461538461539,0.25,1.0,0.9674124800755652,0.11235955056179775,0.10714285714285714,0.9585474366846567,0.5,0.744270205066345,0.3333333333333333,1.0,0.0625,1.0,0.10377358490566038,0.15121951219512195
Vehicle_10,8389637,60,0.057971014492753624,0.07142857142857142,1e-20,1e-20,0.9674124800755652,0.13580246913580246,0.13725490196078433,0.9585474366846567,1e-20,1e-20,1e-20,0.002437488983456299,1e-20,0.0023871276408229045,0.0763888888888889,0.08,0.057971014492753624,0.07142857142857142,0.1111111111111111,0.3333333333333333,0.9674124800755652,0.13580246913580246,0.13725490196078433,0.9585474366846567,0.047619047619047616,0.744270205066345,1.0,0.5,0.14285714285714285,1.0,0.0763888888888889,0.08
Vehicle_10,8389637,61,0.02066115702479339,0.06666666666666667,1e-20,1e-20,0.9674124800755652,0.045454545454545456,0.07692307692307693,0.9585474366846567,1e-20,1e-20,0.0018432251403822425,0.000513685694860625,1e-20,0.0003474932641704228,0.08620689655172414,0.10077519379844961,0.02066115702479339,0.06666666666666667,0.14285714285714285,0.3333333333333333,0.9674124800755652,0.045454545454545456,0.07692307692307693,0.9585474366846567,0.125,0.744270205066345,1.0,1.0,0.5,1.0,0.08620689655172414,0.10077519379844961
Vehicle_10,8389637,62,1e-20,0.23809523809523808,1e-20,1e-20,0.9674124800755652,0.0425531914893617,0.08695652173913043,0.9585474366846567,1e-20,1e-20,1e-20,1e-20,1e-20,1e-20,0.1619047619047619,0.125,0.03333333333333333,0.23809523809523808,0.038461538461538464,0.07142857142857142,0.9674124800755652,0.0425531914893617,0.08695652173913043,0.9585474366846567,0.022222222222222223,0.744270205066345,0.3333333333333333,1.0,0.25,0.5,0.1619047619047619,0.125
Vehicle_10,8389637,63,0.0821917808219178,0.15873015873015872,1e-20,1e-20,0.9674124800755652,0.12,0.1111111111111111,0.9585474366846567,0.125,1e-20,1e-20,0.0012489612973081861,1e-20,0.0010122629869312315,0.18478260869565216,0.20098039215686275,0.0821917808219178,0.15873015873015872,0.2222222222222222,0.2,0.9674124800755652,0.12,0.1111111111111111,0.9585474366846567,0.125,0.744270205066345,0.25,1.0,0.058823529411764705,1.0,0.18478260869565216,0.20098039215686275
Vehicle_10,8389637,64,0.17567567567567569,0.13846153846153847,0.1,1e-20,0.9674124800755652,0.05128205128205128,0.041666666666666664,0.9585474366846567,1e-20,1e-20,1e-20,1e-20,1e-20,1e-20,0.1935483870967742,0.15476190476190477,0.17567567567567569,0.13846153846153847,0.1,0.2,0.9674124800755652,0.05128205128205128,0.041666666666666664,0.9585474366846567,0.07692307692307693,0.744270205066345,0.14285714285714285,0.5,0.05,0.5,0.1935483870967742,0.15476190476190477
Vehicle_10,8389637,65,0.0641025641025641,0.27692307692307694,1e-20,1e-20,0.9674124800755652,0.06451612903225806,0.03571428571428571,0.9585474366846567,1e-20,1e-20,0.0024223805806662807,0.0012489612973081861,0.1,0.0010122629869312315,0.23809523809523808,0.22527472527472528,0.0641025641025641,0.27692307692307694,0.0625,0.09090909090909091,0.9674124800755652,0.06451612903225806,0.03571428571428571,0.9585474366846567,0.05555555555555555,0.744270205066345,0.2,1.0,0.1,0.5,0.23809523809523808,0.22527472527472528
Vehicle_10,8389637,66,0.0650887573964497,0.19117647058823528,1e-20,1e-20,0.9674124800755652,1e-20,1e-20,0.9585474366846567,0.14285714285714285,1e-20,1e-20,1e-20,1e-20,0.0005590109032306801,0.1282051282051282,0.10306406685236769,0.0650887573964497,0.19117647058823528,0.16666666666666666,0.4,0.9674124800755652,0.05263157894736842,0.2,0.9585474366846567,0.14285714285714285,0.744270205066345,0.14285714285714285,0.3333333333333333,0.14285714285714285,1.0,0.1282051282051282,0.10306406685236769
Vehicle_10,8389637,67,0.036036036036036036,0.09876543209876543,1e-20,1e-20,0.9674124800755652,0.022727272727272728,0.021739130434782608,0.9585474366846567,1e-20,1e-20,1e-20,0.0011532747463047365,1e-20,1e-20,0.07407407407407407,0.10377358490566038,0.036036036036036036,0.09876543209876543,0.057692307692307696,0.07142857142857142,0.9674124800755652,0.022727272727272728,0.021739130434782608,0.9585474366846567,0.043478260869565216,0.744270205066345,0.5,1.0,0.16666666666666666,1.0,0.07407407407407407,0.10377358490566038
Vehicle_10,8389637,68,0.043859649122807015,0.22727272727272727,0.1111111111111111,0.09090909090909091,0.9674124800755652,0.125,0.11363636363636363,0.9585474366846567,0.09090909090909091,1e-20,1e-20,0.000579155440284038,1e-20,0.00042807141238385414,0.09411764705882353,0.13368983957219252,0.043859649122807015,0.22727272727272727,0.1111111111111111,0.09090909090909091,0.9674124800755652,0.125,0.11363636363636363,0.9585474366846567,0.09090909090909091,0.744270205066345,0.16666666666666666,1.0,0.125,0.5,0.09411764705882353,0.13368983957219252
Vehicle_10,8389637,69,0.04938271604938271,1e-20,0.11904761904761904,0.10526315789473684,0.9674124800755652,0.011363636363636364,0.021739130434782608,0.9585474366846567,0.037037037037037035,1e-20,1e-20,1e-20,1e-20,0.0011532747463047365,1e-20,1e-20,0.04938271604938271,0.02247191011235955,0.11904761904761904,0.10526315789473684,0.9674124800755652,0.011363636363636364,0.021739130434782608,0.9585474366846567,0.037037037037037035,0.744270205066345,0.5,1.0,0.07142857142857142,1.0,0.012048192771084338,0.014563106796116505
Vehicle_10,8389637,70,0.19083969465648856,1e-20,0.09090909090909091,0.08,0.9674124800755652,0.2,1e-20,0.9585474366846567,0.1,1e-20,1e-20,0.0008662150932943872,1e-20,1e-20,0.15384615384615385,0.10344827586206896,0.19083969465648856,0.07692307692307693,0.09090909090909091,0.08,0.9674124800755652,0.2,0.16666666666666666,0.9585474366846567,0.1,0.744270205066345,1.0,0.5,0.07692307692307693,1.0,0.15384615384615385,0.10344827586206896
Vehicle_10,8389637,71,0.1440677966101695,0.2,0.07142857142857142,0.045454545454545456,0.9674124800755652,1e-20,1e-20,0.9585474366846567,1e-20,1e-20,1e-20,1e-20,1e-20,1e-20,0.058823529411764705,0.022727272727272728,0.1440677966101695,0.2,0.07142857142857142,0.045454545454545456,0.9674124800755652,0.13636363636363635,0.125,0.9585474366846567,0.045454545454545456,0.744270205066345,0.5,0.5,0.03571428571428571,0.3333333333333333,0.058823529411764705,0.022727272727272728
Vehicle_10,8389637,72,0.04741379310344827,0.08333333333333333,1e-20,1e-20,0.9674124800755652,0.07142857142857142,0.03333333333333333,0.9585474366846567,1e-20,1e-20,0.0024223805806662807,0.0012993226399415807,1e-20,0.001148238612041397,0.12871287128712872,0.16417910447761194,0.04741379310344827,0.08333333333333333,0.08333333333333333,0.2,0.9674124800755652,0.07142857142857142,0.03333333333333333,0.9585474366846567,0.16666666666666666,0.744270205066345,1.0,1.0,0.037037037037037035,1.0,0.12871287128712872,0.16417910447761194
Vehicle_10,8389637,73,1e-20,0.10204081632653061,0.058823529411764705,1e-20,0.9674124800755652,0.2153846153846154,0.18604651162790697,0.9585474366846567,0.10526315789473684,1e-20,0.0017475385893787928,0.0008662150932943872,1e-20,1e-20,0.14285714285714285,0.14181818181818182,0.015625,0.10204081632653061,0.058823529411764705,0.1111111111111111,0.9674124800755652,0.2153846153846154,0.18604651162790697,0.9585474366846567,0.10526315789473684,0.744270205066345,0.25,1.0,0.07142857142857142,1.0,0.14285714285714285,0.14181818181818182
Vehicle_10,8389637,74,0.09219858156028368,0.07894736842105263,1e-20,1e-20,0.9674124800755652,0.16816816816816818,0.15584415584415584,0.9585474366846567,0.05263157894736842,1e-20,1e-20,1e-20,0.04,0.0003726739354871201,0.18691588785046728,0.140625,0.09219858156028368,0.07894736842105263,0.18181818181818182,0.125,0.9674124800755652,0.16816816816816818,0.15584415584415584,0.9585474366846567,0.05263157894736842,0.744270205066345,0.25,1.0,0.04,1.0,0.18691588785046728,0.140625
Vehicle_10,8389637,75,0.07017543859649122,0.02857142857142857,0.0016971772467453982,0.0008511066905043689,0.9674124800755652,0.20218579234972678,0.234375,0.9585474366846567,1e-20,1e-20,1e-20,0.0009518293757711581,0.03571428571428571,1e-20,0.13793103448275862,0.1368421052631579,0.07017543859649122,0.02857142857142857,0.2222222222222222,0.25,0.9674124800755652,0.20218579234972678,0.234375,0.9585474366846567,0.07692307692307693,0.744270205066345,1.0,0.3333333333333333,0.03571428571428571,1.0,0.13793103448275862,0.1368421052631579
Vehicle_10,8389637,76,0.08571428571428572,1e-20,0.10344827586206896,0.16666666666666666,0.9674124800755652,0.07430997876857749,0.06493506493506493,0.9585474366846567,1e-20,1e-20,1e-20,1e-20,1e-20,1e-20,0.12962962962962962,0.1297709923664122,0.08571428571428572,0.11764705882352941,0.10344827586206896,0.16666666666666666,0.9674124800755652,0.07430997876857749,0.06493506493506493,0.9585474366846567,0.1111111111111111,0.744270205066345,0.25,0.5,0.011363636363636364,1.0,0.12962962962962962,0.1297709923664122
Vehicle_10,8389637,77,0.19083969465648856,0.11428571428571428,0.07692307692307693,0.1111111111111111,0.9674124800755652,0.017543859649122806,0.0196078431372549,0.9585474366846567,0.03571428571428571,1e-20,0.002372019238032886,0.0012086722232014706,1e-20,0.0011129856721980207,0.03636363636363636,0.04597701149425287,0.19083969465648856,0.11428571428571428,0.07692307692307693,0.1111111111111111,0.9674124800755652,0.017543859649122806,0.0196078431372549,0.9585474366846567,0.03571428571428571,0.744270205066345,1.0,1.0,0.06451612903225806,1.0,0.03636363636363636,0.04597701149425287
Vehicle_10,8389637,78,0.05725190839694656,0.0625,0.05,0.1,0.9674124800755652,0.1506849315068493,0.13793103448275862,0.9585474366846567,1e-20,1e-20,0.0014906957419484803,1e-20,1e-20,0.0005439025004406618,0.1076923076923077,0.07738095238095238,0.05725190839694656,0.0625,0.05,0.1,0.9674124800755652,0.1506849315068493,0.13793103448275862,0.9585474366846567,0.05555555555555555,0.744270205066345,1.0,1.0,0.058823529411764705,1.0,0.1076923076923077,0.07738095238095238
Vehicle_10,8389637,79,0.03636363636363636,0.2857142857142857,1e-20,1e-20,0.9674124800755652,0.02112676056338028,0.0111731843575419,0.9585474366846567,0.0625,1e-20,1e-20,1e-20,0.012534818941504178,0.00037771006975045955,0.14285714285714285,0.10894941634241245,0.03636363636363636,0.2857142857142857,0.043478260869565216,0.0625,0.9674124800755652,0.02112676056338028,0.0111731843575419,0.9585474366846567,0.0625,0.744270205066345,0.5,1.0,0.012534818941504178,1.0,0.14285714285714285,0.10894941634241245
Vehicle_10,8389637,80,0.09876543209876543,1e-20,1e-20,1e-20,0.9674124800755652,0.02040816326530612,0.024390243902439025,0.04145256331534326,1e-20,1e-20,1e-20,1e-20,1e-20,1e-20,0.0044444444444444444,0.015053763440860216,0.09876543209876543,0.013888888888888888,0.1,0.3333333333333333,0.9674124800755652,0.02040816326530612,0.024390243902439025,0.04145256331534326,0.06666666666666667,0.744270205066345,1.0,1.0,0.04,1.0,0.0044444444444444444,0.015053763440860216
Vehicle_10,8389637,81,0.0196078431372549,1e-20,1e-20,1e-20,0.9674124800755652,1e-20,1e-20,0.8008934269304403,1e-20,1e-20,0.0015360209503185356,1e-20,1e-20,1e-20,0.02702702702702703,0.03680981595092025,0.0196078431372549,0.04,0.3333333333333333,1.0,0.9674124800755652,0.11764705882352941,0.2,0.8008934269304403,0.2,0.744270205066345,0.3333333333333333,1.0,0.07692307692307693,0.5,0.02702702702702703,0.03680981595092025
Vehicle_10,8389637,82,0.030303030303030304,1e-20,1e-20,1e-20,0.9674124800755652,1e-20,1e-20,0.9613603654339529,1e-20,1e-20,1e-20,1e-20,0.045454545454545456,1e-20,0.06666666666666667,0.08333333333333333,0.030303030303030304,0.125,0.09090909090909091,0.2,0.9674124800755652,0.1111111111111111,0.5,0.9613603654339529,0.15789473684210525,0.744270205066345,0.5,0.2,0.045454545454545456,0.25,0.06666666666666667,0.08333333333333333
Vehicle_10,8389637,83,0.0625,0.1875,1e-20,1e-20,0.9674124800755652,0.06779661016949153,0.034482758620689655,0.9613603654339529,1e-20,1e-20,1e-20,1e-20,0.02040816326530612,1e-20,0.12280701754385964,0.09415584415584416,0.0625,0.1875,0.125,0.2,0.9674124800755652,0.06779661016949153,0.034482758620689655,0.9613603654339529,0.037037037037037035,0.744270205066345,1.0,0.3333333333333333,0.02040816326530612,0.25,0.12280701754385964,0.09415584415584416
Vehicle_10,8389637,84,1e-20,0.13333333333333333,1e-20,1e-20,0.9674124800755652,0.1349206349206349,0.16129032258064516,0.9613603654339529,1e-20,1e-20,1e-20,1e-20,0.023809523809523808,1e-20,0.16379310344827586,0.15577889447236182,0.024509803921568627,0.13333333333333333,0.3333333333333333,0.5,0.9674124800755652,0.1349206349206349,0.16129032258064516,0.9613603654339529,0.08333333333333333,0.744270205066345,1.0,0.16666666666666666,0.023809523809523808,0.5,0.16379310344827586,0.15577889447236182
Vehicle_10,8389637,85,0.05555555555555555,0.05128205128205128,1e-20,1e-20,0.9674124800755652,1e-20,1e-20,0.9613603654339529,0.2,1e-20,1e-20,0.0015561654873718933,0.06818181818181818,1e-20,0.03977272727272727,0.035211267605633804,0.05555555555555555,0.05128205128205128,0.125,0.2,0.9674124800755652,0.0049504950495049506,0.01904761904761905,0.9613603654339529,0.2,0.744270205066345,0.5,1.0,0.06818181818181818,0.5,0.03977272727272727,0.035211267605633804
Vehicle_10,8389637,86,0.01948051948051948,0.010309278350515464,1e-20,1e-20,0.9674124800755652,1e-20,1e-20,0.9613603654339529,1e-20,1e-20,1e-20,1e-20,0.012658227848101266,1e-20,1e-20,1e-20,0.01948051948051948,0.010309278350515464,0.18181818181818182,0.4,0.9674124800755652,0.04,0.07692307692307693,0.9613603654339529,0.1,0.744270205066345,0.16666666666666666,0.3333333333333333,0.012658227848101266,0.5,0.028985507246376812,0.008771929824561403
Vehicle_10,8389637,87,0.1044776119402985,0.05263157894736842,0.10526315789473684,0.125,0.9674124800755652,1e-20,1e-20,0.03863963456604718,1e-20,1e-20,1e-20,1e-20,0.07142857142857142,0.125,1e-20,1e-20,0.1044776119402985,0.05263157894736842,0.10526315789473684,0.125,0.9674124800755652,0.1,0.2,0.03863963456604718,0.16666666666666666,0.744270205066345,0.08333333333333333,0.16666666666666666,0.07142857142857142,0.125,0.25,0.16666666666666666
Vehicle_10,8389637,88,0.12179487179487179,1e-20,1e-20,1e-20,0.9674124800755652,0.045454545454545456,1e-20,0.8207282913165266,0.2,1e-20,1e-20,1e-20,1e-20,1e-20,0.0038224259058746504,1e-20,0.12179487179487179,0.2,0.09090909090909091,0.25,0.9674124800755652,0.045454545454545456,0.16666666666666666,0.8207282913165266,0.2,0.744270205066345,0.08333333333333333,0.25,0.05,0.125,1.0,0.1111111111111111
Vehicle_10,8389637,89,0.18243243243243243,1e-20,1e-20,1e-20,0.03258751992443474,1e-20,1e-20,0.9585474366846567,1e-20,1e-20,1e-20,1e-20,1e-20,0.1111111111111111,0.004406617480422028,0.008163573640873266,0.18243243243243243,1.0,0.5,1.0,0.03258751992443474,0.043478260869565216,0.09090909090909091,0.9585474366846567,0.16666666666666666,0.744270205066345,0.09090909090909091,0.125,0.047619047619047616,0.1111111111111111,1.0,1.0
Vehicle_10,8389637,90,0.22695035460992907,0.001750335732500415,1e-20,1e-20,0.8513274336283185,0.2,0.18627450980392157,0.9585474366846567,1e-20,1e-20,1e-20,1e-20,0.06382978723404255,1e-20,1e-20,1e-20,0.22695035460992907,0.5,0.027777777777777776,0.5,0.8513274336283185,0.2,0.18627450980392157,0.9585474366846567,0.021739130434782608,0.744270205066345,0.043478260869565216,0.06666666666666667,0.06382978723404255,0.058823529411764705,1.0,0.1111111111111111
Vehicle_10,8389637,91,0.005644402634054563,0.0022482760701944987,1e-20,1e-20,0.9618592351505288,0.005128205128205128,1e-20,0.9585474366846567,1e-20,1e-20,1e-20,1e-20,1e-20,1e-20,0.006370709843124418,1e-20,0.005644402634054563,1.0,0.14285714285714285,0.5,0.9618592351505288,0.005128205128205128,0.020618556701030927,0.9585474366846567,0.25,0.744270205066345,0.5,0.25,0.019230769230769232,0.2857142857142857,1.0,1.0
Vehicle_10,8389637,92,1e-20,1e-20,1e-20,1e-20,0.9618592351505288,1e-20,1e-20,0.9585474366846567,1e-20,1e-20,1e-20,0.0009870823156145343,1e-20,1e-20,1e-20,0.043478260869565216,0.027777777777777776,1.0,0.3333333333333333,0.5,0.9618592351505288,0.03571428571428571,0.05555555555555555,0.9585474366846567,0.3333333333333333,0.744270205066345,0.5,0.3333333333333333,0.2,1.0,0.0625,0.043478260869565216
Vehicle_10,8389637,93,0.10526315789473684,1e-20,0.2,0.0007352756024475612,0.9618592351505288,1e-20,1e-20,0.9585474366846567,1e-20,1e-20,1e-20,1e-20,0.07142857142857142,0.0010777327323546447,0.062111801242236024,0.10676156583629894,0.10526315789473684,0.2,0.2,0.5,0.9618592351505288,0.08695652173913043,0.07142857142857142,0.9585474366846567,1.0,0.744270205066345,0.16666666666666666,1.0,0.07142857142857142,0.25,0.062111801242236024,0.10676156583629894
Vehicle_10,8389637,94,0.03389830508474576,0.2,0.18181818181818182,0.2,0.9618592351505288,0.11224489795918367,0.10869565217391304,0.9585474366846567,0.08333333333333333,1e-20,1e-20,1e-20,1e-20,1e-20,0.1590909090909091,0.16770186335403728,0.03389830508474576,0.2,0.18181818181818182,0.2,0.9618592351505288,0.11224489795918367,0.10869565217391304,0.9585474366846567,0.08333333333333333,0.744270205066345,0.1,0.5,0.058823529411764705,0.3333333333333333,0.1590909090909091,0.16770186335403728
Vehicle_10,8389637,95,0.08333333333333333,0.12987012987012986,0.05,1e-20,0.9618592351505288,0.2903225806451613,0.28125,0.9585474366846567,1e-20,1e-20,1e-20,0.0012489612973081861,0.14285714285714285,1e-20,0.20168067226890757,0.19339622641509435,0.08333333333333333,0.12987012987012986,0.05,0.1,0.9618592351505288,0.2903225806451613,0.28125,0.9585474366846567,0.08333333333333333,0.744270205066345,0.25,0.3333333333333333,0.14285714285714285,0.5,0.20168067226890757,0.19339622641509435
Vehicle_10,8389637,96,0.16766467065868262,0.17777777777777778,0.07894736842105263,0.15384615384615385,0.9618592351505288,0.08333333333333333,0.0967741935483871,0.9585474366846567,0.11764705882352941,1e-20,1e-20,1e-20,1e-20,1e-20,0.16417910447761194,0.13559322033898305,0.16766467065868262,0.17777777777777778,0.07894736842105263,0.15384615384615385,0.9618592351505288,0.08333333333333333,0.0967741935483871,0.9585474366846567,0.11764705882352941,0.744270205066345,0.16666666666666666,0.2,0.05263157894736842,0.5,0.16417910447761194,0.13559322033898305
Vehicle_10,8389637,97,0.16666666666666666,0.12345679012345678,0.05555555555555555,1e-20,0.9618592351505288,0.14772727272727273,0.13043478260869565,0.9585474366846567,0.05263157894736842,1e-20,1e-20,1e-20,0.16666666666666666,0.5,0.15294117647058825,0.14741035856573706,0.16666666666666666,0.12345679012345678,0.05555555555555555,0.3333333333333333,0.9618592351505288,0.14772727272727273,0.13043478260869565,0.9585474366846567,0.05263157894736842,0.744270205066345,0.3333333333333333,1.0,0.16666666666666666,0.5,0.15294117647058825,0.14741035856573706
Vehicle_10,8389637,98,0.1440677966101695,0.05,1e-20,1e-20,0.9618592351505288,0.07368421052631578,0.04081632653061224,0.9585474366846567,1e-20,1e-20,1e-20,1e-20,1e-20,1e-20,0.12598425196850394,0.0947867298578199,0.1440677966101695,0.05,0.05,0.08333333333333333,0.9618592351505288,0.07368421052631578,0.04081632653061224,0.9585474366846567,0.047619047619047616,0.744270205066345,1.0,0.5,0.0625,0.5,0.12598425196850394,0.0947867298578199
Vehicle_10,8389637,99,0.013392857142857142,0.21311475409836064,1e-20,1e-20,0.9618592351505288,0.06666666666666667,0.0967741935483871,0.9585474366846567,1e-20,1e-20,1e-20,0.001913731020068995,0.045454545454545456,1e-20,0.1724137931034483,0.15021459227467812,0.013392857142857142,0.21311475409836064,0.09090909090909091,0.14285714285714285,0.9618592351505288,0.06666666666666667,0.0967741935483871,0.9585474366846567,0.1111111111111111,0.744270205066345,0.09090909090909091,1.0,0.045454545454545456,0.3333333333333333,0.1724137931034483,0.15021459227467812
Vehicle_10,8389637,100,0.03333333333333333,0.058823529411764705,0.057692307692307696,0.10344827586206896,0.9618592351505288,0.004901960784313725,0.009433962264150943,0.9585474366846567,1e-20,1e-20,1e-20,1e-20,1e-20,1e-20,0.16049382716049382,0.15217391304347827,0.03333333333333333,0.058823529411764705,0.057692307692307696,0.10344827586206896,0.9618592351505288,0.004901960784313725,0.009433962264150943,0.9585474366846567,0.03125,0.744270205066345,0.07142857142857142,0.3333333333333333,0.034482758620689655,0.3333333333333333,0.16049382716049382,0.15217391304347827
Vehicle_10,8389637,101,0.07647058823529412,0.05,0.02857142857142857,0.05263157894736842,0.9618592351505288,0.13636363636363635,0.07692307692307693,0.9585474366846567,0.0625,1e-20,1e-20,1e-20,0.058823529411764705,1e-20,0.02531645569620253,0.030303030303030304,0.07647058823529412,0.05,0.02857142857142857,0.05263157894736842,0.9618592351505288,0.13636363636363635,0.07692307692307693,0.9585474366846567,0.0625,0.744270205066345,0.5,0.3333333333333333,0.058823529411764705,1.0,0.02531645569620253,0.030303030303030304
Vehicle_10,8389637,102,0.0851063829787234,0.027777777777777776,1e-20,1e-20,0.9618592351505288,1e-20,1e-20,0.9585474366846567,1e-20,1e-20,1e-20,1e-20,1e-20,1e-20,0.022222222222222223,0.031578947368421054,0.0851063829787234,0.027777777777777776,0.02,0.09523809523809523,0.9618592351505288,0.045454545454545456,0.4166666666666667,0.9585474366846567,0.058823529411764705,0.744270205066345,0.14285714285714285,1.0,0.0625,0.5,0.022222222222222223,0.031578947368421054
Vehicle_10,8389637,103,0.007874015748031496,1e-20,1e-20,1e-20,0.9618592351505288,0.15,0.06451612903225806,0.9585474366846567,0.25,1e-20,1e-20,0.0022561881499760785,1e-20,1e-20,1e-20,0.013333333333333334,0.007874015748031496,0.2727272727272727,0.5,1.0,0.9618592351505288,0.15,0.06451612903225806,0.9585474366846567,0.25,0.744270205066345,0.125,1.0,0.047619047619047616,0.5,0.029411764705882353,0.013333333333333334
Vehicle_10,8389637,104,0.05,1e-20,0.019263213557273437,0.009185908896331176,0.03814076484947111,0.052083333333333336,0.07692307692307693,0.9585474366846567,0.1,1e-20,1e-20,0.00270440409941329,0.03333333333333333,0.14285714285714285,1e-20,1e-20,0.05,0.5,1.0,1.0,0.03814076484947111,0.052083333333333336,0.07692307692307693,0.9585474366846567,0.1,0.744270205066345,0.2,0.25,0.03333333333333333,0.14285714285714285,0.1,0.12
Vehicle_10,8389637,105,0.15306122448979592,1e-20,1e-20,1e-20,0.8374371859296482,1e-20,1e-20,0.9585474366846567,1e-20,1e-20,1e-20,1e-20,0.08695652173913043,1e-20,1e-20,1e-20,0.15306122448979592,1.0,0.14285714285714285,1.0,0.8374371859296482,0.09375,0.043478260869565216,0.9585474366846567,0.05,0.744270205066345,0.5,0.14285714285714285,0.08695652173913043,0.14285714285714285,0.5,0.125
Vehicle_10,8389637,106,0.19339622641509435,1e-20,1e-20,1e-20,0.9674124800755652,0.08,1e-20,0.9585474366846567,1e-20,1e-20,1e-20,1e-20,1e-20,1e-20,1e-20,1e-20,0.19339622641509435,1.0,0.09090909090909091,0.25,0.9674124800755652,0.08,0.2727272727272727,0.9585474366846567,0.020833333333333332,0.744270205066345,0.3333333333333333,0.1111111111111111,0.045454545454545456,0.2,1.0,1.0
Vehicle_10,8389637,107,0.007731958762886598,0.002851840115884297,1e-20,1e-20,0.9674124800755652,0.08695652173913043,0.0784313725490196,0.9585474366846567,1e-20,1e-20,1e-20,1e-20,0.041666666666666664,1e-20,1e-20,1e-20,0.007731958762886598,1.0,0.6666666666666666,1.0,0.9674124800755652,0.08695652173913043,0.0784313725490196,0.9585474366846567,0.25,0.744270205066345,0.5,1.0,0.041666666666666664,1.0,0.25,0.14285714285714285
Vehicle_10,8389637,108,0.046875,0.0028015431120768136,1e-20,1e-20,0.9674124800755652,0.017857142857142856,1e-20,0.9585474366846567,1e-20,1e-20,1e-20,0.00102737138972125,0.03225806451612903,1e-20,0.05128205128205128,0.028169014084507043,0.046875,0.25,1.0,1.0,0.9674124800755652,0.017857142857142856,0.017241379310344827,0.9585474366846567,0.2,0.744270205066345,0.3333333333333333,0.5,0.03225806451612903,0.5,0.05128205128205128,0.028169014084507043
Vehicle_10,8389637,109,0.10526315789473684,1e-20,0.16666666666666666,1e-20,0.9674124800755652,0.2127659574468085,0.16666666666666666,0.9585474366846567,1e-20,1e-20,1e-20,1e-20,1e-20,1e-20,0.19444444444444445,0.1753846153846154,0.10526315789473684,0.2,0.16666666666666666,0.3333333333333333,0.9674124800755652,0.2127659574468085,0.16666666666666666,0.9585474366846567,0.3333333333333333,0.744270205066345,0.25,0.5,0.1111111111111111,1.0,0.19444444444444445,0.1753846153846154
Vehicle_10,8389637,110,0.13131313131313133,0.23529411764705882,0.125,0.0006395890514441115,0.9674124800755652,0.14285714285714285,0.13114754098360656,0.9585474366846567,1e-20,1e-20,1e-20,0.0009467932415078185,1e-20,0.0007806008108176164,0.019736842105263157,0.014925373134328358,0.13131313131313133,0.23529411764705882,0.125,0.2222222222222222,0.9674124800755652,0.14285714285714285,0.13114754098360656,0.9585474366846567,0.14285714285714285,0.744270205066345,0.3333333333333333,1.0,0.09090909090909091,1.0,0.019736842105263157,0.014925373134328358
Vehicle_10,8389637,111,0.013793103448275862,1e-20,0.1111111111111111,0.125,0.9674124800755652,1e-20,1e-20,0.9585474366846567,0.14285714285714285,1e-20,1e-20,1e-20,0.06666666666666667,0.0009216125701911212,0.015384615384615385,0.007692307692307693,0.013793103448275862,0.014925373134328358,0.1111111111111111,0.125,0.9674124800755652,0.0106951871657754,0.022727272727272728,0.9585474366846567,0.14285714285714285,0.744270205066345,0.3333333333333333,1.0,0.06666666666666667,1.0,0.015384615384615385,0.007692307692307693
Vehicle_10,8389637,112,0.024390243902439025,1e-20,1e-20,1e-20,0.9674124800755652,0.15384615384615385,0.16666666666666666,0.9585474366846567,1e-20,1e-20,1e-20,1e-20,0.125,1.0,0.1,0.0625,0.024390243902439025,0.125,0.5,1.0,0.9674124800755652,0.15384615384615385,0.16666666666666666,0.9585474366846567,0.07142857142857142,0.744270205066345,0.16666666666666666,0.5,0.125,1.0,0.1,0.0625
Vehicle_10,8389637,113,0.05714285714285714,0.2,1e-20,1e-20,0.9674124800755652,0.06896551724137931,0.2,0.9585474366846567,1e-20,1e-20,1e-20,1e-20,1e-20,1e-20,1e-20,1e-20,0.05714285714285714,0.2,0.25,0.5,0.9674124800755652,0.06896551724137931,0.2,0.9585474366846567,0.25,0.744270205066345,0.125,0.3333333333333333,0.18181818181818182,0.3333333333333333,0.1111111111111111,0.09090909090909091
Vehicle_10,8389637,114,0.09923664122137404,1e-20,1e-20,1e-20,0.9674124800755652,0.018518518518518517,0.04,0.9585474366846567,0.05,1e-20,1e-20,0.3333333333333333,1e-20,1e-20,1e-20,0.007874015748031496,0.09923664122137404,0.125,0.012987012987012988,0.02702702702702703,0.9674124800755652,0.018518518518518517,0.04,0.9585474366846567,0.05,0.744270205066345,0.0625,0.3333333333333333,0.08333333333333333,0.3333333333333333,0.02702702702702703,0.007874015748031496
Vehicle_10,8389637,115,0.13836477987421383,1e-20,0.06666666666666667,0.05263157894736842,0.9674124800755652,0.07407407407407407,0.11764705882352941,0.9585474366846567,0.037037037037037035,1e-20,1e-20,1e-20,1e-20,0.0013950091909450306,0.09090909090909091,0.045454545454545456,0.13836477987421383,0.11764705882352941,0.06666666666666667,0.05263157894736842,0.9674124800755652,0.07407407407407407,0.11764705882352941,0.9585474366846567,0.037037037037037035,0.744270205066345,0.5,0.5,0.125,1.0,0.09090909090909091,0.045454545454545456
Vehicle_10,8389637,116,0.13402061855670103,1e-20,1e-20,1e-20,0.9674124800755652,0.038461538461538464,1e-20,0.9585474366846567,1e-20,1e-20,1e-20,0.0013396117140482965,1e-20,1e-20,1e-20,1e-20,0.13402061855670103,0.3333333333333333,0.058823529411764705,0.08333333333333333,0.9674124800755652,0.038461538461538464,0.058823529411764705,0.9585474366846567,0.037037037037037035,0.744270205066345,0.3333333333333333,0.5,0.3333333333333333,1.0,0.2,0.06666666666666667
Vehicle_10,8389637,117,0.005780346820809248,0.2222222222222222,1e-20,1e-20,0.9674124800755652,1e-20,1e-20,0.9585474366846567,0.3333333333333333,1e-20,1e-20,1e-20,1e-20,1e-20,1e-20,0.02247191011235955,0.005780346820809248,0.2222222222222222,0.07142857142857142,0.1,0.9674124800755652,0.09090909090909091,0.25,0.9585474366846567,0.3333333333333333,0.744270205066345,0.14285714285714285,0.3333333333333333,0.041666666666666664,0.25,0.022222222222222223,0.02247191011235955
Vehicle_10,8389637,118,0.06666666666666667,1e-20,0.05263157894736842,0.09090909090909091,0.9674124800755652,1e-20,1e-20,0.9585474366846567,0.06896551724137931,1e-20,1e-20,1e-20,1e-20,1e-20,1e-20,0.058823529411764705,0.06666666666666667,0.10526315789473684,0.05263157894736842,0.09090909090909091,0.9674124800755652,0.25,1.0,0.9585474366846567,0.06896551724137931,0.744270205066345,0.1111111111111111,0.2,0.1111111111111111,0.25,0.14285714285714285,0.058823529411764705
Vehicle_10,8389637,119,0.11976047904191617,1e-20,1e-20,1e-20,0.9674124800755652,0.07692307692307693,0.3333333333333333,0.04145256331534326,1e-20,1e-20,0.004396545211895349,0.002120212524865913,1e-20,0.001727394052325435,1e-20,1e-20,0.11976047904191617,0.25,0.05555555555555555,0.1,0.9674124800755652,0.07692307692307693,0.3333333333333333,0.04145256331534326,0.05405405405405406,0.744270205066345,0.5,1.0,0.125,0.5,0.5,0.07142857142857142
Vehicle_10,8389637,120,0.16184971098265896,0.003133503337206203,1e-20,1e-20,0.9674124800755652,1e-20,1e-20,0.8008934269304403,1e-20,1e-20,0.006788708986981593,1e-20,1e-20,0.002100067987812555,1e-20,1e-20,0.16184971098265896,1.0,0.045454545454545456,0.08333333333333333,0.9674124800755652,0.06666666666666667,0.5,0.8008934269304403,0.04,0.744270205066345,0.5,1.0,0.058823529411764705,0.5,0.5,0.05555555555555555
Vehicle_10,8389637,121,0.0125,0.002067206856487559,0.019479767330597034,0.019479767330597034,0.03258751992443474,1e-20,1e-20,0.9613603654339529,1e-20,1e-20,1e-20,1e-20,1e-20,1e-20,1e-20,1e-20,0.0125,1.0,1.0,0.5,0.03258751992443474,0.14285714285714285,0.25,0.9613603654339529,0.25,0.744270205066345,0.07142857142857142,0.2222222222222222,0.06666666666666667,0.16666666666666666,0.5,0.2
Vehicle_10,8389637,122,0.08823529411764706,0.002776394610173072,0.5,1e-20,0.8513274336283185,0.075,0.1,0.9613603654339529,1e-20,1e-20,0.00569586785183693,0.18181818181818182,0.03125,1e-20,1e-20,1e-20,0.08823529411764706,1.0,0.5,1.0,0.8513274336283185,0.075,0.1,0.9613603654339529,0.14285714285714285,0.744270205066345,0.3333333333333333,0.18181818181818182,0.03125,0.16666666666666666,1.0,0.5
Vehicle_10,8389637,123,0.007142857142857143,0.0027210679059848403,0.2,0.25,0.9618592351505288,1e-20,1e-20,0.9613603654339529,1e-20,1e-20,0.0024223805806662807,1e-20,0.05555555555555555,0.125,0.16666666666666666,0.017241379310344827,0.007142857142857143,1.0,0.2,0.25,0.9618592351505288,0.05555555555555555,0.05555555555555555,0.9613603654339529,0.2,0.744270205066345,1.0,0.14285714285714285,0.05555555555555555,0.125,0.16666666666666666,0.017241379310344827
Vehicle_10,8389637,124,0.09210526315789473,0.002791483711315317,0.3333333333333333,1.0,0.9618592351505288,0.06666666666666667,0.09523809523809523,0.9613603654339529,1e-20,1e-20,1e-20,1e-20,1e-20,1e-20,0.14285714285714285,0.045454545454545456,0.09210526315789473,0.5,0.3333333333333333,1.0,0.9618592351505288,0.06666666666666667,0.09523809523809523,0.9613603654339529,0.5,0.744270205066345,0.5,0.5,0.05263157894736842,0.3333333333333333,0.14285714285714285,0.045454545454545456
Vehicle_10,8389637,125,0.08695652173913043,1e-20,1e-20,1e-20,0.9618592351505288,0.027777777777777776,0.03773584905660377,0.9613603654339529,0.25,1e-20,1e-20,0.0007604562737642585,0.125,1e-20,0.15625,0.1282051282051282,0.08695652173913043,0.6666666666666666,0.16666666666666666,0.25,0.9618592351505288,0.027777777777777776,0.03773584905660377,0.9613603654339529,0.25,0.744270205066345,0.5,0.5,0.125,1.0,0.15625,0.1282051282051282
Vehicle_10,8389637,126,0.052083333333333336,0.14814814814814814,0.047619047619047616,0.06666666666666667,0.9618592351505288,0.15,0.125,0.9613603654339529,1e-20,1e-20,1e-20,1e-20,1e-20,1e-20,0.21551724137931033,0.1969111969111969,0.052083333333333336,0.14814814814814814,0.047619047619047616,0.06666666666666667,0.9618592351505288,0.15,0.125,0.9613603654339529,0.1111111111111111,0.744270205066345,0.125,0.5,0.05,0.25,0.21551724137931033,0.1969111969111969
Vehicle_10,8389637,127,0.047058823529411764,0.20689655172413793,1e-20,1e-20,0.9618592351505288,0.1111111111111111,0.13043478260869565,0.9613603654339529,0.08333333333333333,1e-20,0.16666666666666666,0.000644625185707451,1e-20,1e-20,0.2573099415204678,0.27638190954773867,0.047058823529411764,0.20689655172413793,0.0625,0.1111111111111111,0.9618592351505288,0.1111111111111111,0.13043478260869565,0.9613603654339529,0.08333333333333333,0.744270205066345,0.16666666666666666,0.25,0.047619047619047616,0.5,0.2573099415204678,0.27638190954773867
Vehicle_10,8389637,128,0.027586206896551724,0.27058823529411763,1e-20,1e-20,0.9618592351505288,0.09433962264150944,0.125,0.9613603654339529,1e-20,1e-20,1e-20,1e-20,0.07692307692307693,0.0002820235187470098,0.21637426900584794,0.17587939698492464,0.027586206896551724,0.27058823529411763,0.041666666666666664,0.0625,0.9618592351505288,0.09433962264150944,0.125,0.9613603654339529,0.058823529411764705,0.744270205066345,0.25,1.0,0.07692307692307693,0.5,0.21637426900584794,0.17587939698492464
Vehicle_10,8389637,129,0.027777777777777776,0.27058823529411763,0.125,1e-20,0.9618592351505288,0.08823529411764706,0.16666666666666666,0.9613603654339529,0.07142857142857142,1e-20,1e-20,1e-20,0.047619047619047616,0.0005539747689673407,0.26973684210526316,0.22686567164179106,0.027777777777777776,0.27058823529411763,0.125,0.5,0.9618592351505288,0.08823529411764706,0.16666666666666666,0.9613603654339529,0.07142857142857142,0.744270205066345,0.3333333333333333,0.25,0.047619047619047616,0.5,0.26973684210526316,0.22686567164179106
Vehicle_10,8389637,130,0.02197802197802198,0.27058823529411763,0.125,1e-20,0.9618592351505288,0.058823529411764705,0.05555555555555555,0.9613603654339529,1e-20,1e-20,1e-20,1e-20,0.0625,1e-20,0.05501618122977346,0.04817275747508306,0.02197802197802198,0.27058823529411763,0.125,0.14285714285714285,0.9618592351505288,0.058823529411764705,0.05555555555555555,0.9613603654339529,0.11764705882352941,0.744270205066345,0.3333333333333333,0.3333333333333333,0.0625,0.3333333333333333,0.05501618122977346,0.04817275747508306
Vehicle_10,8389637,131,0.2372093023255814,0.011764705882352941,1e-20,1e-20,0.9618592351505288,0.03296703296703297,0.02,0.9613603654339529,1e-20,1e-20,1e-20,0.0008561428247677083,1e-20,0.0005439025004406618,0.06818181818181818,0.06701030927835051,0.2372093023255814,0.011764705882352941,0.038461538461538464,0.09090909090909091,0.9618592351505288,0.03296703296703297,0.02,0.9613603654339529,0.05555555555555555,0.744270205066345,0.5,1.0,0.125,1.0,0.06818181818181818,0.06701030927835051
Vehicle_10,8389637,132,0.05581395348837209,0.0625,1e-20,1e-20,0.9618592351505288,1e-20,1e-20,0.9613603654339529,0.5,1e-20,1e-20,0.0006849142598141666,1e-20,0.0005539747689673407,1e-20,1e-20,0.05581395348837209,0.0625,0.5,0.5,0.9618592351505288,0.13636363636363635,0.08333333333333333,0.9613603654339529,0.5,0.744270205066345,0.25,0.3333333333333333,0.09090909090909091,1.0,0.0625,0.022222222222222223
Vehicle_10,8389637,133,0.078125,1e-20,1e-20,1e-20,0.9618592351505288,0.25,0.25,0.9613603654339529,0.25,1e-20,1e-20,1e-20,1e-20,1e-20,0.5,0.25,0.078125,0.2,0.25,1.0,0.9618592351505288,0.25,0.25,0.9613603654339529,0.25,0.744270205066345,0.5,0.16666666666666666,0.5,0.5,0.5,0.25
Vehicle_10,8389637,134,0.09259259259259259,1e-20,1e-20,1e-20,0.9618592351505288,0.08333333333333333,1e-20,0.9613603654339529,1e-20,1e-20,1e-20,0.000634552917180772,1e-20,1e-20,1e-20,1e-20,0.09259259259259259,0.3333333333333333,0.1111111111111111,0.14285714285714285,0.9618592351505288,0.08333333333333333,0.14285714285714285,0.9613603654339529,0.06666666666666667,0.744270205066345,1.0,1.0,0.14285714285714285,0.5,0.125,0.06666666666666667
Vehicle_10,8389637,135,0.10160427807486631,0.02040816326530612,1e-20,1e-20,0.9618592351505288,0.08333333333333333,1e-20,0.9613603654339529,1e-20,1e-20,1e-20,0.0008762873618210662,1e-20,1e-20,1e-20,1e-20,0.10160427807486631,0.02040816326530612,0.3333333333333333,0.3333333333333333,0.9618592351505288,0.08333333333333333,0.14285714285714285,0.9613603654339529,0.15,0.744270205066345,0.25,0.3333333333333333,0.25,1.0,0.0625,0.0625
Vehicle_10,8389637,136,0.17699115044247787,1e-20,1e-20,1e-20,0.9618592351505288,1e-20,0.00532823005061315,0.9613603654339529,1e-20,1e-20,1e-20,0.00042807141238385414,1e-20,1e-20,0.16666666666666666,0.11764705882352941,0.17699115044247787,0.5,1.0,1.0,0.9618592351505288,1.0,1.0,0.9613603654339529,0.0625,0.744270205066345,0.16666666666666666,0.5,1.0,1.0,0.16666666666666666,0.11764705882352941
Vehicle_10,8389637,137,0.09259259259259259,1e-20,1e-20,1e-20,0.9618592351505288,0.047619047619047616,0.08333333333333333,0.9613603654339529,1e-20,1e-20,0.0010122629869312315,1e-20,1e-20,0.00037771006975045955,0.05263157894736842,0.020833333333333332,0.09259259259259259,1.0,0.1111111111111111,0.2,0.9618592351505288,0.047619047619047616,0.08333333333333333,0.9613603654339529,0.08333333333333333,0.744270205066345,1.0,1.0,0.02631578947368421,1.0,0.05263157894736842,0.020833333333333332
Vehicle_10,8389637,138,0.0481283422459893,1e-20,1e-20,1e-20,0.9618592351505288,1e-20,1e-20,0.03863963456604718,1e-20,1e-20,0.0011079495379346814,0.0005640470374940196,0.05555555555555555,0.0002568428474303125,1e-20,1e-20,0.0481283422459893,0.1,0.07692307692307693,0.16666666666666666,0.9618592351505288,0.06666666666666667,0.14285714285714285,0.03863963456604718,0.14285714285714285,0.744270205066345,0.3333333333333333,1.0,0.05555555555555555,0.5,0.04,0.03636363636363636
Vehicle_10,8389637,139,0.0851063829787234,1e-20,0.05555555555555555,1e-20,0.9618592351505288,1e-20,1e-20,0.8207282913165266,1e-20,1e-20,1e-20,1e-20,1e-20,1e-20,1e-20,1e-20,0.0851063829787234,1.0,0.05555555555555555,0.14285714285714285,0.9618592351505288,0.0625,0.5,0.8207282913165266,0.06666666666666667,0.744270205066345,0.25,1.0,0.1111111111111111,1.0,0.3333333333333333,0.038461538461538464
Vehicle_10,8389637,140,0.1958762886597938,1e-20,1e-20,1e-20,0.9618592351505288,1e-20,1e-20,0.9585474366846567,1e-20,1e-20,0.0013748646538916727,0.0006748419912874878,1e-20,0.000448215949437212,1e-20,1e-20,0.1958762886597938,1.0,0.3333333333333333,1.0,0.9618592351505288,0.4,1.0,0.9585474366846567,0.08695652173913043,0.744270205066345,0.25,0.5,0.1111111111111111,1.0,0.16666666666666666,0.1111111111111111
Vehicle_10,8389637,141,0.1183206106870229,1e-20,0.07142857142857142,0.16666666666666666,0.9618592351505288,0.1,0.25,0.9585474366846567,1e-20,1e-20,1e-20,1e-20,0.125,1e-20,1e-20,1e-20,0.1183206106870229,0.3333333333333333,0.07142857142857142,0.16666666666666666,0.9618592351505288,0.1,0.25,0.9585474366846567,0.0625,0.744270205066345,1.0,1.0,0.125,0.5,0.06666666666666667,0.05555555555555555
Vehicle_10,8389637,142,0.06521739130434782,1e-20,0.11538461538461539,1e-20,0.9618592351505288,1e-20,1e-20,0.9585474366846567,0.13333333333333333,1e-20,0.0016317075013219853,0.0005287940976506434,1e-20,1e-20,0.13793103448275862,0.15517241379310345,0.06521739130434782,0.3333333333333333,0.11538461538461539,0.3333333333333333,0.9618592351505288,0.045454545454545456,0.07692307692307693,0.9585474366846567,0.13333333333333333,0.744270205066345,0.5,1.0,0.023809523809523808,0.5,0.13793103448275862,0.15517241379310345
Vehicle_10,8389637,143,0.14285714285714285,0.1,0.25,0.2727272727272727,0.9618592351505288,0.09433962264150944,0.041666666666666664,0.9585474366846567,0.08695652173913043,1e-20,1e-20,0.00031224032432704653,1e-20,0.0002165537733235968,0.13333333333333333,0.15503875968992248,0.14285714285714285,0.1,0.25,0.2727272727272727,0.9618592351505288,0.09433962264150944,0.041666666666666664,0.9585474366846567,0.08695652173913043,0.744270205066345,0.25,1.0,0.09090909090909091,1.0,0.13333333333333333,0.15503875968992248
Vehicle_10,8389637,144,0.11764705882352941,0.2,0.07692307692307693,0.058823529411764705,0.9618592351505288,0.2413793103448276,0.21052631578947367,0.9585474366846567,0.05,1e-20,1e-20,1e-20,0.047619047619047616,0.00022662604185027572,0.2619047619047619,0.2222222222222222,0.11764705882352941,0.2,0.07692307692307693,0.058823529411764705,0.9618592351505288,0.2413793103448276,0.21052631578947367,0.9585474366846567,0.05,0.744270205066345,0.5,0.5,0.047619047619047616,0.5,0.2619047619047619,0.2222222222222222
Vehicle_10,8389637,145,0.12972972972972974,0.1527777777777778,1e-20,1e-20,0.9618592351505288,0.12834224598930483,0.11363636363636363,0.9585474366846567,1e-20,1e-20,1e-20,1e-20,0.047619047619047616,0.000448215949437212,0.0847457627118644,0.061946902654867256,0.12972972972972974,0.1527777777777778,0.09523809523809523,0.2,0.9618592351505288,0.12834224598930483,0.11363636363636363,0.9585474366846567,0.05555555555555555,0.744270205066345,1.0,0.5,0.047619047619047616,1.0,0.0847457627118644,0.061946902654867256
Vehicle_10,8389637,146,0.0111731843575419,0.04411764705882353,1e-20,0.0022209352101327023,0.9618592351505288,0.00909090909090909,0.0196078431372549,0.9585474366846567,1e-20,1e-20,1e-20,1e-20,1e-20,1e-20,1e-20,1e-20,0.0111731843575419,0.04411764705882353,0.5,0.3333333333333333,0.9618592351505288,0.00909090909090909,0.0196078431372549,0.9585474366846567,0.25,0.744270205066345,1.0,0.5,0.05,1.0,0.011764705882352941,0.0189873417721519
Vehicle_10,8389637,147,0.04,1e-20,1e-20,1e-20,0.9618592351505288,1e-20,1e-20,0.9585474366846567,1e-20,1e-20,1e-20,1e-20,1e-20,1e-20,1e-20,1e-20,0.04,0.06666666666666667,0.5,1.0,0.9618592351505288,0.09090909090909091,0.5,0.9585474366846567,0.5,0.744270205066345,0.16666666666666666,0.5,0.1111111111111111,1.0,0.25,0.16666666666666666
Vehicle_10,8389637,148,0.07027027027027027,0.001780513934784905,1e-20,1e-20,0.9618592351505288,1e-20,1e-20,0.9585474366846567,1e-20,1e-20,1e-20,0.00102737138972125,1e-20,0.0007957092136076347,0.16666666666666666,0.058823529411764705,0.07027027027027027,0.3333333333333333,0.3333333333333333,1.0,0.9618592351505288,0.2,0.5,0.9585474366846567,0.09090909090909091,0.744270205066345,1.0,0.5,0.058823529411764705,1.0,0.16666666666666666,0.058823529411764705
Vehicle_10,8389637,149,0.16022099447513813,1e-20,1e-20,0.013728502001863369,0.9618592351505288,0.15384615384615385,1e-20,0.9585474366846567,1e-20,1e-20,1e-20,0.0009870823156145343,1e-20,0.0008057814821343137,1e-20,1e-20,0.16022099447513813,0.3333333333333333,0.5,0.25,0.9618592351505288,0.15384615384615385,0.42857142857142855,0.9585474366846567,0.11764705882352941,0.744270205066345,0.03571428571428571,1.0,0.2,0.5,0.2,0.2
Vehicle_10,8389637,150,0.14814814814814814,1e-20,0.07142857142857142,1e-20,0.9618592351505288,0.07547169811320754,0.09090909090909091,0.9585474366846567,0.08695652173913043,1e-20,1e-20,1e-20,1e-20,1e-20,1e-20,1e-20,0.14814814814814814,0.25,0.07142857142857142,0.5,0.9618592351505288,0.07547169811320754,0.09090909090909091,0.9585474366846567,0.08695652173913043,0.744270205066345,0.058823529411764705,1.0,0.3333333333333333,1.0,0.16666666666666666,0.05555555555555555
Vehicle_10,8389637,151,0.06369426751592357,1e-20,0.07692307692307693,0.125,0.9618592351505288,0.04,0.125,0.9585474366846567,1e-20,1e-20,0.05555555555555555,1e-20,1e-20,0.0010726965980913052,1e-20,0.030303030303030304,0.06369426751592357,0.3333333333333333,0.07692307692307693,0.125,0.9618592351505288,0.04,0.125,0.9585474366846567,0.047619047619047616,0.744270205066345,0.05555555555555555,0.3333333333333333,0.16666666666666666,0.3333333333333333,0.1,0.030303030303030304
Vehicle_10,8389637,152,0.09259259259259259,1e-20,0.027522935779816515,0.046511627906976744,0.9618592351505288,1e-20,1e-20,0.9585474366846567,0.05555555555555555,1e-20,0.021739130434782608,1e-20,1e-20,1e-20,0.03333333333333333,0.014084507042253521,0.09259259259259259,0.06666666666666667,0.027522935779816515,0.046511627906976744,0.9618592351505288,0.09090909090909091,0.1111111111111111,0.9585474366846567,0.05555555555555555,0.744270205066345,0.021739130434782608,1.0,0.2,0.25,0.03333333333333333,0.014084507042253521
Vehicle_10,8389637,153,0.017543859649122806,0.09090909090909091,0.02564102564102564,0.041666666666666664,0.9618592351505288,1e-20,1e-20,0.9585474366846567,1e-20,1e-20,0.0196078431372549,1e-20,1e-20,1e-20,1e-20,1e-20,0.017543859649122806,0.09090909090909091,0.02564102564102564,0.041666666666666664,0.9618592351505288,0.3333333333333333,0.5,0.9585474366846567,0.07692307692307693,0.744270205066345,0.0196078431372549,1.0,0.16666666666666666,0.3333333333333333,0.08333333333333333,0.041666666666666664
Vehicle_10,8389637,154,0.02702702702702703,1e-20,1e-20,1e-20,0.9618592351505288,0.09523809523809523,0.13333333333333333,0.9585474366846567,1e-20,1e-20,1e-20,1e-20,1e-20,1e-20,1e-20,0.017857142857142856,0.02702702702702703,0.16666666666666666,0.008948545861297539,0.02054794520547945,0.9618592351505288,0.09523809523809523,0.13333333333333333,0.9585474366846567,0.07692307692307693,0.744270205066345,0.012738853503184714,0.14285714285714285,0.2,1.0,0.05263157894736842,0.017857142857142856
Vehicle_10,8389637,155,0.05161290322580645,1e-20,1e-20,1e-20,0.03814076484947111,0.058823529411764705,0.058823529411764705,0.9585474366846567,0.07142857142857142,1e-20,0.07692307692307693,1e-20,1e-20,1e-20,1e-20,1e-20,0.05161290322580645,0.022222222222222223,0.5,0.25,0.03814076484947111,0.058823529411764705,0.058823529411764705,0.9585474366846567,0.07142857142857142,0.744270205066345,0.07692307692307693,0.5,0.08333333333333333,0.125,0.3333333333333333,0.07692307692307693
Vehicle_10,8389637,156,0.010638297872340425,1e-20,1e-20,0.004754110744592451,0.8374371859296482,1e-20,1e-20,0.9585474366846567,0.009345794392523364,1e-20,1e-20,1e-20,1e-20,1e-20,0.006214589680960895,1e-20,0.010638297872340425,0.5,1.0,0.5,0.8374371859296482,0.017543859649122806,0.03125,0.9585474366846567,0.009345794392523364,0.744270205066345,0.013513513513513514,0.058823529411764705,0.1,0.2,0.5,0.2
Vehicle_10,8389637,157,0.17455310199789695,0.0027009491044618474,0.16666666666666666,1e-20,0.9674124800755652,0.08333333333333333,1e-20,0.04145256331534326,1e-20,1e-20,0.0067484199128748775,0.0036260166696044115,0.01893082869589303,0.003016644423740337,1e-20,1e-20,0.17455310199789695,1.0,0.16666666666666666,0.5,0.9674124800755652,0.08333333333333333,0.5,0.04145256331534326,0.05263157894736842,0.744270205066345,1.0,1.0,1.0,1.0,1.0,0.5
Vehicle_10,8389637,158,0.27624309392265195,1e-20,1e-20,1e-20,0.9674124800755652,1e-20,1e-20,0.8008934269304403,1e-20,1e-20,0.017732228741218242,0.005051242666129479,0.007795935839649485,0.003903004054088082,1e-20,1e-20,0.27624309392265195,1.0,0.03125,0.038461538461538464,0.9674124800755652,0.006493506493506494,1.0,0.8008934269304403,0.013333333333333334,0.744270205066345,1.0,1.0,1.0,1.0,1.0,0.008403361344537815
Vehicle_10,8389637,159,0.17362270450751252,0.003108354835302461,1e-20,1e-20,0.03258751992443474,1e-20,1e-20,0.9613603654339529,1e-20,1e-20,1e-20,1e-20,0.1111111111111111,1e-20,0.006320348500491023,0.013224888575529423,0.17362270450751252,1.0,1.0,1.0,0.03258751992443474,0.3333333333333333,1.0,0.9613603654339529,0.2,0.744270205066345,0.5,0.07142857142857142,0.1111111111111111,0.09090909090909091,1.0,1.0
Vehicle_10,8389637,160,0.11677282377919321,0.0026908897037003507,1e-20,0.003706594817817843,0.8513274336283185,1e-20,1e-20,0.03863963456604718,1e-20,1e-20,1e-20,0.03333333333333333,0.05,0.05555555555555555,0.0076045627376425855,1e-20,0.11677282377919321,1.0,0.5,1.0,0.8513274336283185,0.125,0.25,0.03863963456604718,0.041666666666666664,0.744270205066345,0.16666666666666666,0.03333333333333333,0.05,0.05555555555555555,1.0,0.3333333333333333
Vehicle_10,8389637,161,0.0851063829787234,0.002982612325783753,0.00423728813559322,1e-20,0.03814076484947111,1e-20,1e-20,0.8207282913165266,1e-20,1e-20,1e-20,1e-20,0.012345679012345678,0.07142857142857142,0.003938256993931458,1e-20,0.0851063829787234,1.0,0.00423728813559322,0.011111111111111112,0.03814076484947111,0.02702702702702703,1.0,0.8207282913165266,0.02564102564102564,0.744270205066345,0.03571428571428571,0.07142857142857142,0.012345679012345678,0.07142857142857142,1.0,0.07142857142857142
Vehicle_10,8389637,162,0.16666666666666666,0.002605384797227629,1e-20,0.004754110744592451,0.8374371859296482,1e-20,1e-20,0.9585474366846567,1e-20,1e-20,1e-20,1e-20,1e-20,1e-20,0.006667841764661446,1e-20,0.16666666666666666,1.0,0.5,1.0,0.8374371859296482,0.037037037037037035,0.07692307692307693,0.9585474366846567,0.07142857142857142,0.744270205066345,0.25,0.07692307692307693,0.03125,0.08333333333333333,1.0,1.0
Vehicle_10,8389637,163,0.002635046113306983,0.0035912060718543,1e-20,1e-20,0.9674124800755652,1e-20,1e-20,0.04145256331534326,0.5,1e-20,1e-20,1e-20,1e-20,1e-20,0.007785863571122806,0.01390980283534359,0.002635046113306983,1.0,0.2,0.2,0.9674124800755652,0.06666666666666667,0.125,0.04145256331534326,0.5,0.744270205066345,1.0,0.125,0.14285714285714285,0.25,1.0,1.0
Vehicle_10,8389637,164,0.03333333333333333,0.0037018594802307628,1e-20,0.001062624329564626,0.9674124800755652,0.03225806451612903,1e-20,0.8008934269304403,0.25,1e-20,1e-20,1e-20,1e-20,1e-20,1e-20,0.016666666666666666,0.03333333333333333,1.0,1.0,1.0,0.9674124800755652,0.03225806451612903,0.2,0.8008934269304403,0.25,0.744270205066345,0.05263157894736842,0.1111111111111111,0.0196078431372549,0.2,0.3333333333333333,0.016666666666666666
Vehicle_10,8389637,165,0.14814814814814814,1e-20,1e-20,1e-20,0.9674124800755652,0.16666666666666666,0.25,0.9613603654339529,1e-20,1e-20,1e-20,0.0018734419459622794,0.025,0.0016971772467453982,0.05263157894736842,0.05263157894736842,0.14814814814814814,1.0,0.6666666666666666,1.0,0.9674124800755652,0.16666666666666666,0.25,0.9613603654339529,0.5,0.744270205066345,1.0,1.0,0.025,1.0,0.05263157894736842,0.05263157894736842
Vehicle_10,8389637,166,0.02631578947368421,0.14285714285714285,0.16666666666666666,1e-20,0.9674124800755652,0.10526315789473684,0.16666666666666666,0.9613603654339529,1e-20,1e-20,1e-20,1e-20,1e-20,1e-20,0.02040816326530612,0.07608695652173914,0.02631578947368421,0.14285714285714285,0.16666666666666666,0.5,0.9674124800755652,0.10526315789473684,0.16666666666666666,0.9613603654339529,1.0,0.744270205066345,0.3333333333333333,1.0,0.0196078431372549,1.0,0.02040816326530612,0.07608695652173914
Vehicle_10,8389637,167,1e-20,0.05,1e-20,1e-20,0.9674124800755652,0.09090909090909091,0.08333333333333333,0.9613603654339529,1e-20,1e-20,0.0005640470374940196,0.0002165537733235968,0.004391509077632009,0.00015612016216352327,0.2,0.18803418803418803,0.05,0.05,0.25,0.5,0.9674124800755652,0.09090909090909091,0.08333333333333333,0.9613603654339529,0.5,0.744270205066345,1.0,1.0,1.0,1.0,0.2,0.18803418803418803
Vehicle_10,8389637,168,0.25,0.2028985507246377,1e-20,1e-20,0.9674124800755652,0.02564102564102564,0.047619047619047616,0.9613603654339529,0.000896431898874424,1e-20,0.0008359982877143505,0.0002568428474303125,0.0037519200261878984,6.043361116007352e-05,0.1141552511415525,0.11221945137157108,0.25,0.2028985507246377,0.3333333333333333,0.3333333333333333,0.9674124800755652,0.02564102564102564,0.047619047619047616,0.9613603654339529,0.3333333333333333,0.744270205066345,1.0,1.0,1.0,1.0,0.1141552511415525,0.11221945137157108
Vehicle_10,8389637,169,0.03125,0.09375,1e-20,1e-20,0.9674124800755652,0.037037037037037035,1e-20,0.9613603654339529,1e-20,1e-20,1e-20,1e-20,0.08333333333333333,0.00019640923627023895,0.07586206896551724,0.10181818181818182,0.03125,0.09375,0.1,0.125,0.9674124800755652,0.037037037037037035,0.08333333333333333,0.9613603654339529,0.06666666666666667,0.744270205066345,0.5,1.0,0.08333333333333333,1.0,0.07586206896551724,0.10181818181818182
Vehicle_10,8389637,170,1e-20,0.24242424242424243,1e-20,1e-20,0.9674124800755652,0.07407407407407407,1e-20,0.9613603654339529,1e-20,1e-20,1.0,0.0004885050235439276,1e-20,0.00037771006975045955,0.07368421052631578,0.07281553398058252,0.01652892561983471,0.24242424242424243,0.5,1.0,0.9674124800755652,0.07407407407407407,0.1,0.9613603654339529,1.0,0.744270205066345,1.0,0.5,0.07142857142857142,1.0,0.07368421052631578,0.07281553398058252
Vehicle_10,8389637,171,1e-20,0.1282051282051282,1e-20,1e-20,0.9674124800755652,0.08974358974358974,0.1282051282051282,0.9613603654339529,1e-20,1e-20,1e-20,0.0006647697227608088,1e-20,0.0004985772920706066,0.075,0.0945945945945946,0.1,0.1282051282051282,0.08333333333333333,0.125,0.9674124800755652,0.08974358974358974,0.1282051282051282,0.9613603654339529,0.25,0.744270205066345,0.16666666666666666,1.0,0.09090909090909091,0.5,0.075,0.0945945945945946
Vehicle_10,8389637,172,0.09302325581395349,1e-20,0.0625,0.1,0.9674124800755652,0.125,0.22727272727272727,0.9613603654339529,1e-20,1e-20,1e-20,1e-20,1e-20,1e-20,0.14285714285714285,0.12903225806451613,0.09302325581395349,0.029411764705882353,0.0625,0.1,0.9674124800755652,0.125,0.22727272727272727,0.9613603654339529,0.11764705882352941,0.744270205066345,0.5,1.0,0.16666666666666666,1.0,0.14285714285714285,0.12903225806451613
Vehicle_10,8389637,173,0.1005586592178771,0.15384615384615385,1e-20,1e-20,0.9674124800755652,0.034482758620689655,0.02040816326530612,0.9613603654339529,0.05263157894736842,1e-20,0.0014906957419484803,1e-20,1e-20,0.0003223125928537255,0.1724137931034483,0.14479638009049775,0.1005586592178771,0.15384615384615385,0.05555555555555555,0.1,0.9674124800755652,0.034482758620689655,0.02040816326530612,0.9613603654339529,0.05263157894736842,0.744270205066345,0.5,1.0,0.125,1.0,0.1724137931034483,0.14479638009049775
Vehicle_10,8389637,174,0.011904761904761904,0.1111111111111111,1e-20,1e-20,0.9674124800755652,0.075,0.09523809523809523,0.9613603654339529,1e-20,1e-20,1e-20,0.0005287940976506434,0.08333333333333333,0.00031224032432704653,0.03333333333333333,0.023880597014925373,0.011904761904761904,0.1111111111111111,0.125,0.16666666666666666,0.9674124800755652,0.075,0.09523809523809523,0.9613603654339529,0.25,0.744270205066345,0.2,1.0,0.08333333333333333,1.0,0.03333333333333333,0.023880597014925373
Vehicle_10,8389637,175,0.0625,0.017857142857142856,0.09090909090909091,0.25,0.9674124800755652,1e-20,1e-20,0.9613603654339529,1e-20,1e-20,1e-20,1e-20,1e-20,1e-20,0.022727272727272728,0.024390243902439025,0.0625,0.017857142857142856,0.09090909090909091,0.25,0.9674124800755652,0.058823529411764705,0.11764705882352941,0.9613603654339529,0.06666666666666667,0.744270205066345,0.1111111111111111,1.0,0.09090909090909091,0.5,0.022727272727272728,0.024390243902439025
Vehicle_10,8389637,176,0.08839779005524862,1e-20,0.15384615384615385,0.14285714285714285,0.9674124800755652,1e-20,1e-20,0.03863963456604718,0.08695652173913043,1e-20,1e-20,1e-20,1e-20,1e-20,1e-20,0.05555555555555555,0.08839779005524862,0.16666666666666666,0.15384615384615385,0.14285714285714285,0.9674124800755652,0.16666666666666666,0.5,0.03863963456604718,0.08695652173913043,0.744270205066345,0.3333333333333333,0.5,0.16666666666666666,1.0,0.09090909090909091,0.05555555555555555
Vehicle_10,8389637,177,0.16417910447761194,0.25,0.14285714285714285,0.18181818181818182,0.9674124800755652,1e-20,1e-20,0.8207282913165266,0.05555555555555555,1e-20,1e-20,1e-20,1e-20,0.0006949865283408456,1e-20,1e-20,0.16417910447761194,0.25,0.14285714285714285,0.18181818181818182,0.9674124800755652,0.2,0.3333333333333333,0.8207282913165266,0.05555555555555555,0.744270205066345,0.5,0.5,0.14285714285714285,0.3333333333333333,0.25,0.1111111111111111
Vehicle_10,8389637,178,0.20081967213114754,1e-20,1e-20,1e-20,0.9674124800755652,1e-20,0.004265605721048523,0.9585474366846567,0.043478260869565216,1e-20,1e-20,1e-20,1e-20,0.00040289074106715684,0.1,0.04,0.20081967213114754,0.2,0.058823529411764705,0.125,0.9674124800755652,0.2,1.0,0.9585474366846567,0.043478260869565216,0.744270205066345,0.5,1.0,0.1,0.3333333333333333,0.1,0.04
Vehicle_10,8389637,179,0.11065573770491803,1e-20,1e-20,1e-20,0.9674124800755652,0.11538461538461539,0.09090909090909091,0.9585474366846567,1e-20,1e-20,1e-20,0.0007050587968675245,1e-20,1e-20,0.07692307692307693,0.061224489795918366,0.11065573770491803,0.3333333333333333,0.14285714285714285,0.5,0.9674124800755652,0.11538461538461539,0.09090909090909091,0.9585474366846567,0.06666666666666667,0.744270205066345,0.3333333333333333,0.5,0.1,1.0,0.07692307692307693,0.061224489795918366
Vehicle_10,8389637,180,0.13989637305699482,0.2222222222222222,0.05555555555555555,1e-20,0.9674124800755652,0.07407407407407407,0.13793103448275862,0.9585474366846567,1e-20,1e-20,1e-20,1e-20,1e-20,1e-20,0.10204081632653061,0.07586206896551724,0.13989637305699482,0.2222222222222222,0.05555555555555555,0.2,0.9674124800755652,0.07407407407407407,0.13793103448275862,0.9585474366846567,0.125,0.744270205066345,1.0,0.5,0.045454545454545456,0.5,0.10204081632653061,0.07586206896551724
Vehicle_10,8389637,181,0.011764705882352941,0.17391304347826086,1e-20,1e-20,0.9674124800755652,0.12931034482758622,0.1643835616438356,0.9585474366846567,1e-20,1e-20,1e-20,0.0006043361116007353,1e-20,1e-20,0.07058823529411765,0.08602150537634409,0.011764705882352941,0.17391304347826086,0.25,0.5,0.9674124800755652,0.12931034482758622,0.1643835616438356,0.9585474366846567,0.1111111111111111,0.744270205066345,0.3333333333333333,1.0,0.05263157894736842,1.0,0.07058823529411765,0.08602150537634409
Vehicle_10,8389637,182,0.03125,0.125,1e-20,1e-20,0.9674124800755652,0.06201550387596899,0.058823529411764705,0.9585474366846567,1e-20,1e-20,0.0009014680331377635,1e-20,1e-20,1e-20,0.1527777777777778,0.17801047120418848,0.03125,0.125,0.125,0.3333333333333333,0.9674124800755652,0.06201550387596899,0.058823529411764705,0.9585474366846567,0.04,0.744270205066345,0.25,0.5,0.041666666666666664,1.0,0.1527777777777778,0.17801047120418848
Vehicle_10,8389637,183,0.0375,0.13636363636363635,1e-20,1e-20,0.9674124800755652,0.0136986301369863,0.02857142857142857,0.9585474366846567,1e-20,1e-20,1e-20,0.0009467932415078185,1e-20,0.0007806008108176164,0.13636363636363635,0.12681159420289856,0.0375,0.13636363636363635,0.1,0.25,0.9674124800755652,0.0136986301369863,0.02857142857142857,0.9585474366846567,0.06666666666666667,0.744270205066345,1.0,1.0,0.06666666666666667,1.0,0.13636363636363635,0.12681159420289856
Vehicle_10,8389637,184,0.01904761904761905,0.08333333333333333,0.3333333333333333,0.3333333333333333,0.9674124800755652,1e-20,1e-20,0.9585474366846567,0.25,1e-20,1e-20,1e-20,1e-20,0.0005187218291239645,0.09649122807017543,0.10116731517509728,0.01904761904761905,0.08333333333333333,0.3333333333333333,0.3333333333333333,0.9674124800755652,0.07692307692307693,0.058823529411764705,0.9585474366846567,0.25,0.744270205066345,0.3333333333333333,1.0,0.06666666666666667,1.0,0.09649122807017543,0.10116731517509728
Vehicle_10,8389637,185,0.03571428571428571,0.23684210526315788,0.16666666666666666,0.5,0.9674124800755652,0.10294117647058823,0.14285714285714285,0.9585474366846567,1e-20,1e-20,1e-20,1e-20,0.06896551724137931,1e-20,0.17346938775510204,0.18803418803418803,0.03571428571428571,0.23684210526315788,0.16666666666666666,0.5,0.9674124800755652,0.10294117647058823,0.14285714285714285,0.9585474366846567,0.125,0.744270205066345,0.14285714285714285,1.0,0.06896551724137931,0.5,0.17346938775510204,0.18803418803418803
Vehicle_10,8389637,186,0.1183206106870229,0.16326530612244897,0.08333333333333333,0.3333333333333333,0.9674124800755652,0.007518796992481203,0.013157894736842105,0.9585474366846567,1e-20,1e-20,1e-20,1e-20,0.030303030303030304,1e-20,0.18232044198895028,0.2344139650872818,0.1183206106870229,0.16326530612244897,0.08333333333333333,0.3333333333333333,0.9674124800755652,0.007518796992481203,0.013157894736842105,0.9585474366846567,0.041666666666666664,0.744270205066345,0.2,0.16666666666666666,0.030303030303030304,0.3333333333333333,0.18232044198895028,0.2344139650872818
Vehicle_10,8389637,187,0.010869565217391304,0.15384615384615385,0.2,0.3333333333333333,0.9674124800755652,0.07272727272727272,0.08333333333333333,0.9585474366846567,1e-20,1e-20,1e-20,1e-20,0.043478260869565216,1e-20,0.18232044198895028,0.2344139650872818,0.010869565217391304,0.15384615384615385,0.2,0.3333333333333333,0.9674124800755652,0.07272727272727272,0.08333333333333333,0.9585474366846567,0.2857142857142857,0.744270205066345,0.08333333333333333,1.0,0.043478260869565216,0.14285714285714285,0.18232044198895028,0.2344139650872818
Vehicle_10,8389637,188,0.10204081632653061,0.14,0.1111111111111111,0.16666666666666666,0.9674124800755652,1e-20,1e-20,0.9585474366846567,1e-20,1e-20,1e-20,1e-20,1e-20,0.0010777327323546447,1e-20,1e-20,0.10204081632653061,0.14,0.1111111111111111,0.16666666666666666,0.9674124800755652,0.03225806451612903,0.07142857142857142,0.9585474366846567,0.125,0.744270205066345,0.14285714285714285,0.5,0.03571428571428571,0.3333333333333333,0.0055248618784530384,0.007481296758104738
Vehicle_10,8389637,189,0.08275862068965517,1e-20,1e-20,1e-20,0.9674124800755652,1e-20,1e-20,0.9585474366846567,1e-20,1e-20,1e-20,0.2,1e-20,1e-20,1e-20,0.027777777777777776,0.08275862068965517,0.015873015873015872,0.07142857142857142,0.2222222222222222,0.9674124800755652,0.1,0.16666666666666666,0.9585474366846567,0.08333333333333333,0.744270205066345,0.5,0.2,0.027777777777777776,0.6666666666666666,0.2,0.027777777777777776
Vehicle_10,8389637,190,0.023809523809523808,1e-20,0.03225806451612903,0.06666666666666667,0.9674124800755652,1e-20,1e-20,0.04145256331534326,0.043478260869565216,1e-20,1e-20,1e-20,1e-20,1e-20,1e-20,0.1,0.023809523809523808,0.5,0.03225806451612903,0.06666666666666667,0.9674124800755652,0.2,0.5,0.04145256331534326,0.043478260869565216,0.744270205066345,0.07692307692307693,0.25,0.08333333333333333,0.25,0.16666666666666666,0.1
Vehicle_10,8389637,191,0.12883435582822086,0.002982612325783753,1e-20,1e-20,0.9674124800755652,1e-20,0.00532823005061315,0.8008934269304403,1e-20,1e-20,1e-20,1e-20,1e-20,1e-20,0.010500339939062775,1e-20,0.12883435582822086,1.0,0.018867924528301886,0.03571428571428571,0.9674124800755652,0.3333333333333333,0.3333333333333333,0.8008934269304403,0.06666666666666667,0.744270205066345,0.18181818181818182,0.3333333333333333,0.14285714285714285,0.5,1.0,0.14285714285714285
Vehicle_10,8389637,192,0.07058823529411765,0.003219008243678924,0.047619047619047616,0.09090909090909091,0.9674124800755652,1e-20,1e-20,0.9613603654339529,1e-20,1e-20,1e-20,1e-20,1e-20,1e-20,0.02564102564102564,0.04938271604938271,0.07058823529411765,1.0,0.047619047619047616,0.09090909090909091,0.9674124800755652,0.07692307692307693,0.16666666666666666,0.9613603654339529,0.04,0.744270205066345,0.09090909090909091,0.5,0.15384615384615385,1.0,0.02564102564102564,0.04938271604938271
Vehicle_10,8389637,193,0.014367816091954023,0.09090909090909091,1e-20,1e-20,0.9674124800755652,0.08695652173913043,1e-20,0.9613603654339529,1e-20,1e-20,1e-20,1e-20,1e-20,1e-20,0.15789473684210525,0.10679611650485436,0.014367816091954023,0.09090909090909091,0.058823529411764705,0.1,0.9674124800755652,0.08695652173913043,0.2857142857142857,0.9613603654339529,0.047619047619047616,0.744270205066345,0.16666666666666666,0.14285714285714285,0.125,0.3333333333333333,0.15789473684210525,0.10679611650485436
Vehicle_10,8389637,194,0.02127659574468085,0.2054794520547945,1e-20,1e-20,0.9674124800755652,1e-20,1e-20,0.9613603654339529,1e-20,1e-20,1e-20,1e-20,0.08333333333333333,0.00042807141238385414,0.11926605504587157,0.11475409836065574,0.02127659574468085,0.2054794520547945,0.5,0.5,0.9674124800755652,0.14285714285714285,0.3333333333333333,0.9613603654339529,0.2,0.744270205066345,0.2,1.0,0.08333333333333333,1.0,0.11926605504587157,0.11475409836065574
Vehicle_10,8389637,195,0.034482758620689655,0.21739130434782608,1e-20,1e-20,0.9674124800755652,0.0958904109589041,0.1111111111111111,0.9613603654339529,1e-20,1e-20,1e-20,0.0006849142598141666,0.09523809523809523,1e-20,0.2125984251968504,0.23696682464454977,0.034482758620689655,0.21739130434782608,0.5,0.3333333333333333,0.9674124800755652,0.0958904109589041,0.1111111111111111,0.9613603654339529,0.1111111111111111,0.744270205066345,0.5,1.0,0.09523809523809523,1.0,0.2125984251968504,0.23696682464454977
Vehicle_10,8389637,196,0.04945054945054945,0.18487394957983194,1e-20,1e-20,0.9674124800755652,0.027777777777777776,0.045454545454545456,0.9613603654339529,1e-20,1e-20,1e-20,0.0005287940976506434,1e-20,1e-20,0.19428571428571428,0.1752873563218391,0.04945054945054945,0.18487394957983194,0.07142857142857142,0.125,0.9674124800755652,0.027777777777777776,0.045454545454545456,0.9613603654339529,0.07692307692307693,0.744270205066345,0.14285714285714285,0.5,0.08695652173913043,1.0,0.19428571428571428,0.1752873563218391
Vehicle_10,8389637,197,0.009523809523809525,0.20512820512820512,0.10714285714285714,0.09090909090909091,0.9674124800755652,1e-20,1e-20,0.9613603654339529,0.1,1e-20,1e-20,1e-20,0.05555555555555555,0.00031224032432704653,0.0684931506849315,0.06666666666666667,0.009523809523809525,0.20512820512820512,0.10714285714285714,0.09090909090909091,0.9674124800755652,0.08695652173913043,0.06666666666666667,0.9613603654339529,0.1,0.744270205066345,1.0,0.3333333333333333,0.05555555555555555,0.3333333333333333,0.0684931506849315,0.06666666666666667
Vehicle_10,8389637,198,0.03508771929824561,1e-20,0.05714285714285714,1e-20,0.9674124800755652,0.05263157894736842,1e-20,0.9613603654339529,0.17647058823529413,1e-20,1e-20,1e-20,0.0625,1e-20,0.04081632653061224,0.07692307692307693,0.03508771929824561,0.014492753623188406,0.05714285714285714,0.21052631578947367,0.9674124800755652,0.05263157894736842,0.09090909090909091,0.9613603654339529,0.17647058823529413,0.744270205066345,0.5,1.0,0.0625,1.0,0.04081632653061224,0.07692307692307693
Vehicle_10,8389637,199,0.14814814814814814,1e-20,1e-20,1e-20,0.9674124800755652,0.05,0.041666666666666664,0.9613603654339529,0.09090909090909091,1e-20,1e-20,0.0007302394681842218,1e-20,0.0006899503940775061,0.010101010101010102,0.004878048780487805,0.14814814814814814,0.15384615384615385,0.04,0.09090909090909091,0.9674124800755652,0.05,0.041666666666666664,0.9613603654339529,0.09090909090909091,0.744270205066345,0.125,1.0,0.15789473684210525,1.0,0.010101010101010102,0.004878048780487805
Vehicle_10,8389637,200,0.025477707006369428,1e-20,1e-20,1e-20,0.9674124800755652,0.1,0.05555555555555555,0.9613603654339529,1e-20,1e-20,1e-20,1e-20,0.041666666666666664,0.0014252259965250673,0.02857142857142857,0.018518518518518517,0.025477707006369428,0.09090909090909091,0.3333333333333333,0.5,0.9674124800755652,0.1,0.05555555555555555,0.9613603654339529,0.1111111111111111,0.744270205066345,0.2,1.0,0.041666666666666664,1.0,0.02857142857142857,0.018518518518518517
Vehicle_10,8389637,201,0.021739130434782608,1e-20,1e-20,0.006708130838768161,0.9674124800755652,0.058333333333333334,0.09230769230769231,0.9613603654339529,1e-20,1e-20,1e-20,1e-20,0.08333333333333333,1e-20,1e-20,1e-20,0.021739130434782608,0.25,1.0,0.5,0.9674124800755652,0.058333333333333334,0.09230769230769231,0.9613603654339529,0.25,0.744270205066345,0.25,1.0,0.08333333333333333,1.0,0.2857142857142857,0.0625
Vehicle_10,8389637,202,0.1568627450980392,1e-20,1e-20,1e-20,0.03258751992443474,0.04285714285714286,1e-20,0.9613603654339529,0.1,1e-20,1e-20,1e-20,0.047619047619047616,1e-20,1e-20,1e-20,0.1568627450980392,0.3333333333333333,0.3333333333333333,0.3333333333333333,0.03258751992443474,0.04285714285714286,0.03125,0.9613603654339529,0.1,0.744270205066345,0.1111111111111111,0.16666666666666666,0.047619047619047616,1.0,0.14285714285714285,0.1
Vehicle_10,8389637,203,0.011976047904191617,1e-20,1e-20,0.0032382343313272733,0.8513274336283185,0.047619047619047616,0.05,0.9613603654339529,1e-20,1e-20,1e-20,1e-20,1e-20,1e-20,0.003137511646060484,1e-20,0.011976047904191617,0.3333333333333333,0.3333333333333333,1.0,0.8513274336283185,0.047619047619047616,0.05,0.9613603654339529,0.1111111111111111,0.744270205066345,0.25,0.06666666666666667,0.09523809523809523,0.2,1.0,0.16666666666666666
Vehicle_10,8389637,204,0.09183673469387756,0.0027814243105538203,1e-20,1e-20,0.9618592351505288,0.10526315789473684,0.1,0.9613603654339529,1e-20,1e-20,1e-20,1e-20,1e-20,0.05555555555555555,0.005353410721929847,0.012957973459572432,0.09183673469387756,0.5,1.0,1.0,0.9618592351505288,0.10526315789473684,0.1,0.9613603654339529,0.0136986301369863,0.744270205066345,0.3333333333333333,0.09090909090909091,0.05555555555555555,0.05555555555555555,1.0,1.0
Vehicle_10,8389637,205,0.00954653937947494,1e-20,1e-20,0.0011432024777780576,0.9618592351505288,1e-20,1e-20,0.9613603654339529,0.2,1e-20,1e-20,1e-20,1e-20,1e-20,1e-20,1e-20,0.00954653937947494,1.0,1.0,1.0,0.9618592351505288,0.06666666666666667,0.14285714285714285,0.9613603654339529,0.2,0.744270205066345,0.25,0.5,0.027777777777777776,0.3333333333333333,0.2,0.14285714285714285
Vehicle_10,8389637,206,0.06896551724137931,1e-20,1e-20,1e-20,0.9618592351505288,0.05555555555555555,1e-20,0.9613603654339529,1e-20,1e-20,1e-20,1e-20,1e-20,0.0006144083801274142,0.027777777777777776,0.015706806282722512,0.06896551724137931,0.3333333333333333,0.14285714285714285,0.3333333333333333,0.9618592351505288,0.05555555555555555,0.14285714285714285,0.9613603654339529,0.15384615384615385,0.744270205066345,0.5,1.0,0.05263157894736842,0.5,0.027777777777777776,0.015706806282722512
Vehicle_10,8389637,207,0.13559322033898305,0.3333333333333333,1e-20,1e-20,0.9618592351505288,1e-20,0.00382746204013799,0.9613603654339529,0.07692307692307693,1e-20,1e-20,1e-20,0.07692307692307693,1e-20,0.05263157894736842,0.0851063829787234,0.13559322033898305,0.3333333333333333,0.03333333333333333,0.05263157894736842,0.9618592351505288,0.25,0.5,0.9613603654339529,0.07692307692307693,0.744270205066345,0.125,1.0,0.07692307692307693,1.0,0.05263157894736842,0.0851063829787234
Vehicle_10,8389637,208,0.20618556701030927,1e-20,0.14285714285714285,0.3333333333333333,0.9618592351505288,1e-20,1e-20,0.9613603654339529,1e-20,1e-20,1e-20,1e-20,1e-20,1e-20,1e-20,1e-20,0.20618556701030927,0.3333333333333333,0.14285714285714285,0.3333333333333333,0.9618592351505288,0.02631578947368421,0.047619047619047616,0.9613603654339529,0.2222222222222222,0.744270205066345,0.25,1.0,0.07692307692307693,0.5,0.018867924528301886,0.007874015748031496
Vehicle_10,8389637,209,0.008064516129032258,1e-20,0.1,0.2,0.9618592351505288,1e-20,1e-20,0.9613603654339529,1e-20,1e-20,1e-20,1e-20,1e-20,1e-20,0.14285714285714285,0.05,0.008064516129032258,0.0425531914893617,0.1,0.2,0.9618592351505288,0.25,1.0,0.9613603654339529,0.05555555555555555,0.744270205066345,0.2,0.5,0.07692307692307693,1.0,0.14285714285714285,0.05
Vehicle_10,8389637,210,0.08333333333333333,1e-20,0.14285714285714285,1e-20,0.9618592351505288,1e-20,1e-20,0.9613603654339529,0.05555555555555555,1e-20,1e-20,1e-20,1e-20,0.0002719512502203309,0.0625,0.06896551724137931,0.08333333333333333,0.5,0.14285714285714285,0.25,0.9618592351505288,0.16666666666666666,0.3333333333333333,0.9613603654339529,0.05555555555555555,0.744270205066345,0.3333333333333333,0.5,0.047619047619047616,0.5,0.0625,0.06896551724137931
Vehicle_10,8389637,211,0.15126050420168066,1e-20,0.08333333333333333,1e-20,0.9618592351505288,0.034482758620689655,1e-20,0.9613603654339529,0.08,1e-20,1e-20,1e-20,1e-20,0.0005388663661773223,0.06382978723404255,0.03968253968253968,0.15126050420168066,1.0,0.08333333333333333,0.4,0.9618592351505288,0.034482758620689655,0.07142857142857142,0.9613603654339529,0.08,0.744270205066345,1.0,1.0,0.013157894736842105,1.0,0.06382978723404255,0.03968253968253968
Vehicle_10,8389637,212,0.10179640718562874,0.04,0.42857142857142855,0.25,0.9618592351505288,0.017241379310344827,1e-20,0.9613603654339529,0.2222222222222222,1e-20,1e-20,1e-20,1e-20,0.0002165537733235968,0.02857142857142857,0.023952095808383235,0.10179640718562874,0.04,0.42857142857142855,0.25,0.9618592351505288,0.017241379310344827,0.07142857142857142,0.9613603654339529,0.2222222222222222,0.744270205066345,0.5,0.5,0.01818181818181818,1.0,0.02857142857142857,0.023952095808383235
Vehicle_10,8389637,213,0.08695652173913043,1e-20,0.16666666666666666,0.16666666666666666,0.9618592351505288,1e-20,1e-20,0.9613603654339529,0.15,1e-20,0.0015058041447384987,0.0006748419912874878,1e-20,0.000448215949437212,1e-20,0.05084745762711865,0.08695652173913043,0.14285714285714285,0.16666666666666666,0.16666666666666666,0.9618592351505288,0.18181818181818182,0.16666666666666666,0.9613603654339529,0.15,0.744270205066345,0.5,0.5,0.0625,1.0,0.13636363636363635,0.05084745762711865
Vehicle_10,8389637,214,0.06417112299465241,1e-20,1e-20,1e-20,0.9618592351505288,1e-20,1e-20,0.9613603654339529,1e-20,1e-20,1e-20,6.043361116007352e-05,1e-20,2.5180671316697293e-05,1e-20,0.017241379310344827,0.06417112299465241,0.25,0.09090909090909091,0.16666666666666666,0.9618592351505288,0.25,0.5,0.9613603654339529,0.05263157894736842,0.744270205066345,1.0,1.0,0.11764705882352941,1.0,0.08333333333333333,0.017241379310344827
Vehicle_10,8389637,215,0.13953488372093023,0.13333333333333333,1e-20,1e-20,0.9618592351505288,1e-20,1e-20,0.9613603654339529,0.09090909090909091,1e-20,0.0017475385893787928,0.0009115403016644424,1e-20,0.000775564676554277,0.07291666666666667,0.0782608695652174,0.13953488372093023,0.13333333333333333,0.05263157894736842,0.07692307692307693,0.9618592351505288,0.07142857142857142,0.14285714285714285,0.9613603654339529,0.09090909090909091,0.744270205066345,1.0,1.0,1.0,1.0,0.07291666666666667,0.0782608695652174
Vehicle_10,8389637,216,0.02564102564102564,0.1095890410958904,0.25,1e-20,0.9618592351505288,1e-20,1e-20,0.9613603654339529,1e-20,1e-20,0.001727394052325435,0.0006647697227608088,0.008450633293883614,0.0004985772920706066,1e-20,0.004032258064516129,0.02564102564102564,0.1095890410958904,0.25,0.3333333333333333,0.9618592351505288,0.11538461538461539,0.08333333333333333,0.9613603654339529,0.2,0.744270205066345,1.0,1.0,1.0,1.0,0.01020408163265306,0.004032258064516129
Vehicle_10,8389637,217,1e-20,1e-20,1e-20,1e-20,0.9618592351505288,0.25,1e-20,0.9613603654339529,1e-20,1e-20,0.00195905622843905,1e-20,1e-20,1e-20,0.058823529411764705,0.08571428571428572,0.08,0.07017543859649122,0.125,0.5,0.9618592351505288,0.25,0.5,0.9613603654339529,0.3333333333333333,0.744270205066345,1.0,0.25,0.047619047619047616,0.2,0.058823529411764705,0.08571428571428572
Vehicle_10,8389637,218,0.045454545454545456,1e-20,1e-20,1e-20,0.9618592351505288,0.05263157894736842,0.1,0.03863963456604718,1e-20,1e-20,1e-20,1e-20,1e-20,0.0007453478709742401,1e-20,0.0196078431372549,0.045454545454545456,0.3333333333333333,0.16666666666666666,0.3333333333333333,0.9618592351505288,0.05263157894736842,0.1,0.03863963456604718,0.5,0.744270205066345,0.5,1.0,0.07142857142857142,1.0,0.05555555555555555,0.0196078431372549
Vehicle_10,8389637,219,0.015873015873015872,1e-20,1e-20,1e-20,0.9618592351505288,0.008,0.2,0.8207282913165266,1e-20,1e-20,0.25,1e-20,0.018779342723004695,1e-20,1e-20,1e-20,0.015873015873015872,1.0,0.1,0.1111111111111111,0.9618592351505288,0.008,0.2,0.8207282913165266,0.05,0.744270205066345,0.25,0.2,0.018779342723004695,0.3333333333333333,0.3333333333333333,0.02564102564102564
Vehicle_10,8389637,220,0.017543859649122806,1e-20,1e-20,1e-20,0.9618592351505288,1e-20,1e-20,0.9585474366846567,1e-20,1e-20,1e-20,1e-20,1e-20,0.3333333333333333,1e-20,1e-20,0.017543859649122806,1.0,0.2,0.5,0.9618592351505288,0.1111111111111111,0.6666666666666666,0.9585474366846567,0.08333333333333333,0.744270205066345,0.3333333333333333,0.25,0.023255813953488372,0.3333333333333333,0.125,0.07407407407407407
Vehicle_10,8389637,221,1e-20,1e-20,0.25,1e-20,0.9618592351505288,1e-20,1e-20,0.9585474366846567,1e-20,1e-20,0.0007403117367109007,1e-20,1e-20,1e-20,0.04,0.05263157894736842,0.05454545454545454,1.0,0.25,0.5,0.9618592351505288,0.2,0.3333333333333333,0.9585474366846567,1.0,0.744270205066345,1.0,1.0,0.125,0.5,0.04,0.05263157894736842
Vehicle_10,8389637,222,0.2,1e-20,1e-20,1e-20,0.9618592351505288,1e-20,1e-20,0.9585474366846567,0.0005590109032306801,1e-20,0.0005287940976506434,0.00022662604185027572,0.08333333333333333,2.0144537053357832e-05,0.125,0.11428571428571428,0.2,0.14285714285714285,0.6666666666666666,1.0,0.9618592351505288,0.09090909090909091,0.14285714285714285,0.9585474366846567,1.0,0.744270205066345,0.3333333333333333,0.3333333333333333,0.08333333333333333,1.0,0.125,0.11428571428571428
Vehicle_10,8389637,223,0.13157894736842105,0.17777777777777778,1e-20,1e-20,0.9618592351505288,0.07692307692307693,0.16666666666666666,0.9585474366846567,0.0006597335884974693,1e-20,0.000579155440284038,0.00025180671316697305,0.375,9.568655100344974e-05,0.10679611650485436,0.08947368421052632,0.13157894736842105,0.17777777777777778,0.3333333333333333,1.0,0.9618592351505288,0.07692307692307693,0.16666666666666666,0.9585474366846567,1.0,0.744270205066345,1.0,1.0,0.375,1.0,0.10679611650485436,0.08947368421052632
Vehicle_10,8389637,224,0.03571428571428571,0.12244897959183673,1e-20,1e-20,0.9618592351505288,0.06153846153846154,0.09375,0.9585474366846567,1e-20,1e-20,0.0007403117367109007,1e-20,1e-20,8.057814821343136e-05,0.17054263565891473,0.1487603305785124,0.03571428571428571,0.12244897959183673,0.2,0.5,0.9618592351505288,0.06153846153846154,0.09375,0.9585474366846567,0.2,0.744270205066345,1.0,1.0,0.058823529411764705,1.0,0.17054263565891473,0.1487603305785124
Vehicle_10,8389637,225,1e-20,0.11428571428571428,1e-20,1e-20,0.9618592351505288,0.017241379310344827,1e-20,0.9585474366846567,0.0019187671543323345,1e-20,1e-20,1e-20,0.03571428571428571,0.000448215949437212,0.21359223300970873,0.21428571428571427,0.05,0.11428571428571428,0.2,1.0,0.9618592351505288,0.017241379310344827,0.03571428571428571,0.9585474366846567,1.0,0.744270205066345,1.0,1.0,0.03571428571428571,1.0,0.21359223300970873,0.21428571428571427
Vehicle_10,8389637,226,1e-20,0.045454545454545456,1e-20,1e-20,0.9618592351505288,0.041666666666666664,0.06666666666666667,0.9585474366846567,1e-20,1e-20,0.0010525520610379473,0.0004381436809105331,1e-20,0.00021151763906025734,0.2457627118644068,0.24336283185840707,0.07142857142857142,0.045454545454545456,0.5,0.5,0.9618592351505288,0.041666666666666664,0.06666666666666667,0.9585474366846567,0.5,0.744270205066345,1.0,1.0,0.07142857142857142,1.0,0.2457627118644068,0.24336283185840707
Vehicle_10,8389637,227,0.06896551724137931,0.17073170731707318,1e-20,1e-20,0.9618592351505288,0.02631578947368421,1e-20,0.9585474366846567,1e-20,1e-20,0.0010525520610379473,1e-20,0.06666666666666667,1e-20,0.1004566210045662,0.10723192019950124,0.06896551724137931,0.17073170731707318,0.3333333333333333,0.5,0.9618592351505288,0.02631578947368421,0.058823529411764705,0.9585474366846567,0.5,0.744270205066345,1.0,1.0,0.06666666666666667,0.5,0.1004566210045662,0.10723192019950124
Vehicle_10,8389637,228,0.04285714285714286,0.2,0.0015007680104751593,0.0007503840052375797,0.9618592351505288,0.02631578947368421,1e-20,0.9585474366846567,1e-20,1e-20,1e-20,1e-20,0.05,0.0002669151159569914,0.09219858156028368,0.0875,0.04285714285714286,0.2,0.25,0.4,0.9618592351505288,0.02631578947368421,0.1111111111111111,0.9585474366846567,0.5,0.744270205066345,0.2,0.25,0.05,1.0,0.09219858156028368,0.0875
Vehicle_10,8389637,229,0.11764705882352941,0.015625,1e-20,1e-20,0.9618592351505288,0.07692307692307693,0.07692307692307693,0.9585474366846567,1e-20,1e-20,1e-20,0.0003323848613804044,1e-20,1e-20,0.0891089108910891,0.06395348837209303,0.11764705882352941,0.015625,0.3333333333333333,0.3333333333333333,0.9618592351505288,0.07692307692307693,0.07692307692307693,0.9585474366846567,0.3333333333333333,0.744270205066345,0.5,0.5,0.05,0.5,0.0891089108910891,0.06395348837209303
Vehicle_10,8389637,230,0.14545454545454545,0.2,0.06666666666666667,0.14285714285714285,0.9618592351505288,1e-20,1e-20,0.9585474366846567,0.09523809523809523,1e-20,1e-20,0.0004633243522272304,1e-20,1e-20,0.20512820512820512,0.15966386554621848,0.14545454545454545,0.2,0.06666666666666667,0.14285714285714285,0.9618592351505288,0.08,0.07692307692307693,0.9585474366846567,0.09523809523809523,0.744270205066345,0.3333333333333333,1.0,0.043478260869565216,1.0,0.20512820512820512,0.15966386554621848
Vehicle_10,8389637,231,0.047619047619047616,1e-20,0.05555555555555555,0.1111111111111111,0.9618592351505288,0.1,0.09230769230769231,0.9585474366846567,0.1111111111111111,1e-20,1e-20,1e-20,1e-20,0.0001410117593735049,0.26022304832713755,0.2397094430992736,0.047619047619047616,0.043478260869565216,0.05555555555555555,0.1111111111111111,0.9618592351505288,0.1,0.09230769230769231,0.9585474366846567,0.1111111111111111,0.744270205066345,1.0,1.0,0.04878048780487805,1.0,0.26022304832713755,0.2397094430992736
Vehicle_10,8389637,232,0.09722222222222222,0.16666666666666666,1e-20,1e-20,0.9618592351505288,1e-20,1e-20,0.9585474366846567,1e-20,1e-20,1e-20,0.0007050587968675245,0.029411764705882353,0.0005590109032306801,0.15613382899628253,0.15980629539951574,0.09722222222222222,0.16666666666666666,0.13333333333333333,0.25,0.9618592351505288,0.03225806451612903,0.041666666666666664,0.9585474366846567,0.045454545454545456,0.744270205066345,1.0,0.5,0.029411764705882353,1.0,0.15613382899628253,0.15980629539951574
Vehicle_10,8389637,233,1e-20,0.058823529411764705,1e-20,1e-20,0.9618592351505288,1e-20,1e-20,0.9585474366846567,1e-20,1e-20,1e-20,0.0004885050235439276,0.034482758620689655,0.00037771006975045955,0.2192513368983957,0.1955128205128205,0.031088082901554404,0.058823529411764705,1.0,1.0,0.9618592351505288,0.07142857142857142,0.14285714285714285,0.9585474366846567,1.0,0.744270205066345,0.5,1.0,0.034482758620689655,1.0,0.2192513368983957,0.1955128205128205
Vehicle_10,8389637,234,1e-20,0.038461538461538464,1e-20,1e-20,0.9618592351505288,0.08695652173913043,0.12121212121212122,0.9585474366846567,1e-20,1e-20,1e-20,0.0006194445143907537,1e-20,0.0003726739354871201,0.033962264150943396,0.02512562814070352,0.07142857142857142,0.038461538461538464,0.2857142857142857,0.3333333333333333,0.9618592351505288,0.08695652173913043,0.12121212121212122,0.9585474366846567,0.16666666666666666,0.744270205066345,0.3333333333333333,0.5,0.07894736842105263,1.0,0.033962264150943396,0.02512562814070352
Vehicle_10,8389637,235,0.017857142857142856,1e-20,1e-20,0.0020497066451791606,0.9618592351505288,1e-20,1e-20,0.9585474366846567,1e-20,1e-20,1e-20,0.0009870823156145343,0.058823529411764705,1e-20,0.07692307692307693,0.08,0.017857142857142856,0.016666666666666666,1.0,0.3333333333333333,0.9618592351505288,0.047619047619047616,0.08333333333333333,0.9585474366846567,0.25,0.744270205066345,1.0,0.5,0.058823529411764705,1.0,0.07692307692307693,0.08
Vehicle_10,8389637,236,1e-20,0.09090909090909091,1e-20,1e-20,0.9618592351505288,0.06666666666666667,0.09433962264150944,0.9585474366846567,1e-20,1e-20,1e-20,0.0015259486817918565,1e-20,1e-20,0.027777777777777776,0.02857142857142857,0.06382978723404255,0.09090909090909091,1.0,1.0,0.9618592351505288,0.06666666666666667,0.09433962264150944,0.9585474366846567,0.5,0.744270205066345,0.5,1.0,0.027777777777777776,1.0,0.027777777777777776,0.02857142857142857
Vehicle_10,8389637,237,0.07692307692307693,0.03125,1e-20,0.003565583058444338,0.9618592351505288,0.058823529411764705,0.05128205128205128,0.9585474366846567,0.006970009820461813,1e-20,1e-20,1e-20,1e-20,0.00270440409941329,1e-20,1e-20,0.07692307692307693,0.03125,1.0,0.5,0.9618592351505288,0.058823529411764705,0.05128205128205128,0.9585474366846567,0.3333333333333333,0.744270205066345,0.25,1.0,0.023809523809523808,0.5,0.03333333333333333,0.0196078431372549
Vehicle_10,8389637,238,0.15,1e-20,1e-20,1e-20,0.03814076484947111,0.023809523809523808,0.031746031746031744,0.9585474366846567,0.3333333333333333,1e-20,1e-20,1e-20,1e-20,1e-20,1e-20,1e-20,0.15,0.2222222222222222,1.0,1.0,0.03814076484947111,0.023809523809523808,0.031746031746031744,0.9585474366846567,0.3333333333333333,0.744270205066345,0.07692307692307693,0.5,0.057692307692307696,0.3333333333333333,0.125,0.07692307692307693
Vehicle_10,8389637,239,0.10309278350515463,0.0031636815394906924,1e-20,1e-20,0.8374371859296482,1e-20,1e-20,0.9585474366846567,1e-20,1e-20,1e-20,1e-20,0.058823529411764705,1e-20,0.005071387203182837,0.00932692065570468,0.10309278350515463,1.0,0.3333333333333333,1.0,0.8374371859296482,0.058823529411764705,0.13043478260869565,0.9585474366846567,0.05,0.744270205066345,0.5,0.1,0.058823529411764705,0.07692307692307693,0.25,0.5
Vehicle_10,8389637,240,0.27586206896551724,0.0027260976063655886,1e-20,1e-20,0.9674124800755652,1e-20,1e-20,0.9585474366846567,0.026143790849673203,1e-20,1e-20,1e-20,1e-20,0.058823529411764705,0.006667841764661446,0.013743610404653389,0.27586206896551724,1.0,0.3333333333333333,0.3333333333333333,0.9674124800755652,0.030303030303030304,0.05,0.9585474366846567,0.026143790849673203,0.744270205066345,0.25,0.3333333333333333,0.05263157894736842,0.058823529411764705,1.0,0.5
Vehicle_10,8389637,241,0.20978363123236124,0.003294453749390149,1e-20,1e-20,0.9674124800755652,1e-20,1e-20,0.04145256331534326,1e-20,1e-20,1e-20,1e-20,1e-20,1e-20,1e-20,1e-20,0.20978363123236124,1.0,0.16666666666666666,0.2,0.9674124800755652,0.14285714285714285,0.5,0.04145256331534326,0.07894736842105263,0.744270205066345,0.18181818181818182,0.05,0.3333333333333333,0.05263157894736842,1.0,0.3333333333333333
Vehicle_10,8389637,242,0.05337519623233909,1e-20,1e-20,1e-20,0.9674124800755652,1e-20,1e-20,0.8008934269304403,1e-20,1e-20,1e-20,1e-20,1e-20,1e-20,1e-20,0.08,0.05337519623233909,1.0,0.06818181818181818,0.07407407407407407,0.9674124800755652,0.16666666666666666,0.3333333333333333,0.8008934269304403,0.043478260869565216,0.744270205066345,0.1,0.5,0.06666666666666667,0.5,0.3333333333333333,0.08
Vehicle_10,8389637,243,1e-20,0.0032089488429174274,0.0625,0.16666666666666666,0.9674124800755652,1e-20,0.0011079495379346814,0.9613603654339529,1e-20,1e-20,1e-20,1e-20,1e-20,1e-20,1e-20,1e-20,0.006289308176100629,1.0,0.0625,0.16666666666666666,0.9674124800755652,0.5,1.0,0.9613603654339529,0.16666666666666666,0.744270205066345,0.25,0.16666666666666666,0.08333333333333333,0.3333333333333333,0.16666666666666666,0.07692307692307693
Vehicle_10,8389637,244,1e-20,1e-20,1e-20,1e-20,0.9674124800755652,0.2,0.3333333333333333,0.9613603654339529,1e-20,1e-20,0.06666666666666667,1e-20,1e-20,0.0008108176163976532,1e-20,0.043478260869565216,0.6666666666666666,1.0,0.2,0.14285714285714285,0.9674124800755652,0.2,0.3333333333333333,0.9613603654339529,0.3333333333333333,0.744270205066345,0.06666666666666667,0.3333333333333333,0.06666666666666667,0.5,0.08333333333333333,0.043478260869565216
Vehicle_10,8389637,245,1e-20,0.375,0.14285714285714285,0.16666666666666666,0.9674124800755652,0.09090909090909091,0.047619047619047616,0.9613603654339529,0.041666666666666664,1e-20,1e-20,1e-20,1e-20,0.0006698058570241483,0.15942028985507245,0.1323529411764706,0.023809523809523808,0.375,0.14285714285714285,0.16666666666666666,0.9674124800755652,0.09090909090909091,0.047619047619047616,0.9613603654339529,0.041666666666666664,0.744270205066345,0.125,0.5,0.25,1.0,0.15942028985507245,0.1323529411764706
Vehicle_10,8389637,246,0.08284023668639054,0.10909090909090909,0.02702702702702703,0.043478260869565216,0.9674124800755652,0.1111111111111111,0.16666666666666666,0.9613603654339529,1e-20,1e-20,0.07692307692307693,1e-20,0.1111111111111111,1e-20,0.09146341463414634,0.09597523219814241,0.08284023668639054,0.10909090909090909,0.02702702702702703,0.043478260869565216,0.9674124800755652,0.1111111111111111,0.16666666666666666,0.9613603654339529,0.10526315789473684,0.744270205066345,0.07692307692307693,0.2,0.1111111111111111,0.3333333333333333,0.09146341463414634,0.09597523219814241
Vehicle_10,8389637,247,0.016304347826086956,1e-20,1e-20,1e-20,0.9674124800755652,0.1111111111111111,0.1111111111111111,0.9613603654339529,1e-20,1e-20,1e-20,1e-20,0.034482758620689655,1e-20,0.05813953488372093,0.03529411764705882,0.016304347826086956,0.023809523809523808,0.07692307692307693,0.2,0.9674124800755652,0.1111111111111111,0.1111111111111111,0.9613603654339529,0.16666666666666666,0.744270205066345,0.16666666666666666,0.125,0.034482758620689655,1.0,0.05813953488372093,0.03529411764705882
Vehicle_10,8389637,248,0.08196721311475409,1e-20,1e-20,1e-20,0.9674124800755652,0.038461538461538464,0.06451612903225806,0.9613603654339529,1e-20,1e-20,1e-20,1e-20,0.05263157894736842,1e-20,0.05263157894736842,0.028985507246376812,0.08196721311475409,0.09090909090909091,0.07692307692307693,0.2,0.9674124800755652,0.038461538461538464,0.06451612903225806,0.9613603654339529,0.13333333333333333,0.744270205066345,1.0,0.3333333333333333,0.05263157894736842,1.0,0.05263157894736842,0.028985507246376812
Vehicle_10,8389637,249,1e-20,0.09090909090909091,1e-20,1e-20,0.9674124800755652,0.01818181818181818,0.03278688524590164,0.9613603654339529,0.2,1e-20,1e-20,0.0005338302319139828,1e-20,1e-20,0.0847457627118644,0.047619047619047616,0.029850746268656716,0.09090909090909091,0.14285714285714285,0.14285714285714285,0.9674124800755652,0.01818181818181818,0.03278688524590164,0.9613603654339529,0.2,0.744270205066345,0.14285714285714285,1.0,0.16666666666666666,0.5,0.0847457627118644,0.047619047619047616
Vehicle_10,8389637,250,0.08333333333333333,1e-20,1e-20,1e-20,0.9674124800755652,0.027777777777777776,1e-20,0.9613603654339529,1e-20,1e-20,1e-20,1e-20,1e-20,0.0002064815047969179,1e-20,1e-20,0.08333333333333333,0.023255813953488372,0.25,0.3333333333333333,0.9674124800755652,0.027777777777777776,0.041666666666666664,0.9613603654339529,0.1,0.744270205066345,0.2,0.5,0.14285714285714285,1.0,0.05,0.03571428571428571
Vehicle_10,8389637,251,0.14583333333333334,1e-20,1e-20,1e-20,0.9674124800755652,1e-20,1e-20,0.9613603654339529,1e-20,1e-20,1e-20,1e-20,1e-20,0.0007050587968675245,0.2,0.15151515151515152,0.14583333333333334,0.16666666666666666,0.3333333333333333,0.3333333333333333,0.9674124800755652,0.14285714285714285,0.3333333333333333,0.9613603654339529,0.1111111111111111,0.744270205066345,1.0,0.5,0.08333333333333333,1.0,0.2,0.15151515151515152
Vehicle_10,8389637,252,0.05384615384615385,1e-20,1e-20,1e-20,0.9674124800755652,0.26666666666666666,0.16666666666666666,0.9613603654339529,1e-20,1e-20,1e-20,1e-20,1e-20,1e-20,1e-20,0.01818181818181818,0.05384615384615385,0.07142857142857142,0.2222222222222222,0.2,0.9674124800755652,0.26666666666666666,0.16666666666666666,0.9613603654339529,0.05555555555555555,0.744270205066345,1.0,0.3333333333333333,0.14285714285714285,1.0,0.1,0.01818181818181818
Vehicle_10,8389637,253,0.033707865168539325,1e-20,1e-20,1e-20,0.9674124800755652,0.25,0.21052631578947367,0.9613603654339529,1e-20,1e-20,0.001037443658247929,0.0006043361116007353,1e-20,0.0002820235187470098,0.047619047619047616,0.05454545454545454,0.033707865168539325,0.14285714285714285,0.15384615384615385,0.3333333333333333,0.9674124800755652,0.25,0.21052631578947367,0.9613603654339529,0.125,0.744270205066345,1.0,1.0,0.2,1.0,0.047619047619047616,0.05454545454545454
Vehicle_10,8389637,254,0.03389830508474576,0.2,1e-20,1e-20,0.9674124800755652,0.125,0.14285714285714285,0.9613603654339529,1e-20,1e-20,0.001037443658247929,0.000513685694860625,0.0263289099287387,0.0003474932641704228,0.021052631578947368,0.032432432432432434,0.03389830508474576,0.2,0.3333333333333333,1.0,0.9674124800755652,0.125,0.14285714285714285,0.9613603654339529,1.0,0.744270205066345,1.0,1.0,1.0,1.0,0.021052631578947368,0.032432432432432434
Vehicle_10,8389637,255,0.02631578947368421,1e-20,1e-20,1e-20,0.9674124800755652,0.09375,1e-20,0.03863963456604718,1e-20,1e-20,1e-20,1e-20,0.03333333333333333,1e-20,0.022727272727272728,0.032,0.02631578947368421,0.009615384615384616,0.06666666666666667,0.125,0.9674124800755652,0.09375,0.02857142857142857,0.03863963456604718,0.05,0.744270205066345,1.0,0.3333333333333333,0.03333333333333333,1.0,0.022727272727272728,0.032
Vehicle_10,8389637,256,0.17,0.047619047619047616,1e-20,1e-20,0.9674124800755652,0.05309734513274336,0.1111111111111111,0.8207282913165266,0.1,1e-20,1e-20,1e-20,0.006666666666666667,1e-20,0.12,0.09316770186335403,0.17,0.047619047619047616,1.0,1.0,0.9674124800755652,0.05309734513274336,0.1111111111111111,0.8207282913165266,0.1,0.744270205066345,0.5,1.0,0.006666666666666667,1.0,0.12,0.09316770186335403
Vehicle_10,8389637,257,0.03875968992248062,0.15384615384615385,1e-20,1e-20,0.9674124800755652,0.07142857142857142,0.07692307692307693,0.9585474366846567,0.05,1e-20,0.000569083171757359,0.0003072041900637071,0.029411764705882353,0.00015612016216352327,0.21428571428571427,0.12727272727272726,0.03875968992248062,0.15384615384615385,0.2857142857142857,0.3333333333333333,0.9674124800755652,0.07142857142857142,0.07692307692307693,0.9585474366846567,0.05,0.744270205066345,1.0,1.0,0.029411764705882353,1.0,0.21428571428571427,0.12727272727272726
Vehicle_10,8389637,258,0.022388059701492536,0.06666666666666667,1e-20,1e-20,0.9674124800755652,0.09417808219178082,0.1070110701107011,0.9585474366846567,0.0625,1e-20,1e-20,0.0003978546068038174,0.06501547987616099,0.0002064815047969179,0.11522633744855967,0.11093247588424437,0.022388059701492536,0.06666666666666667,0.1111111111111111,0.25,0.9674124800755652,0.09417808219178082,0.1070110701107011,0.9585474366846567,0.0625,0.744270205066345,1.0,1.0,0.06501547987616099,1.0,0.11522633744855967,0.11093247588424437
Vehicle_10,8389637,259,0.013513513513513514,0.20634920634920634,1e-20,1e-20,0.9674124800755652,0.11547344110854503,0.12631578947368421,0.9585474366846567,1e-20,1e-20,1e-20,0.00030216805580036765,0.04669260700389105,0.0001410117593735049,0.19642857142857142,0.2178988326848249,0.013513513513513514,0.20634920634920634,0.07692307692307693,0.16666666666666666,0.9674124800755652,0.11547344110854503,0.12631578947368421,0.9585474366846567,0.25,0.744270205066345,0.5,0.5,0.04669260700389105,1.0,0.19642857142857142,0.2178988326848249
Vehicle_10,8389637,260,0.06451612903225806,0.09722222222222222,0.14285714285714285,0.2,0.9674124800755652,0.025034770514603615,0.034722222222222224,0.9585474366846567,0.18181818181818182,1e-20,1e-20,0.0003072041900637071,0.007407407407407408,0.00015612016216352327,0.03225806451612903,0.03197674418604651,0.06451612903225806,0.09722222222222222,0.14285714285714285,0.2,0.9674124800755652,0.025034770514603615,0.034722222222222224,0.9585474366846567,0.18181818181818182,0.744270205066345,1.0,1.0,0.007407407407407408,1.0,0.03225806451612903,0.03197674418604651
Vehicle_10,8389637,261,0.1875,0.046511627906976744,1e-20,1e-20,0.9674124800755652,0.10714285714285714,1e-20,0.04145256331534326,0.03571428571428571,1e-20,1e-20,1e-20,0.0502092050209205,1e-20,0.03125,0.13664596273291926,0.1875,0.046511627906976744,0.25,0.2,0.9674124800755652,0.10714285714285714,0.061224489795918366,0.04145256331534326,0.03571428571428571,0.744270205066345,0.5,1.0,0.0502092050209205,1.0,0.03125,0.13664596273291926
Vehicle_10,8389637,262,0.05319148936170213,0.15384615384615385,0.14285714285714285,0.3333333333333333,0.9674124800755652,0.2979591836734694,0.07142857142857142,0.8008934269304403,0.16666666666666666,1e-20,0.0009467932415078185,0.00044317981517387256,0.13537906137184116,0.0002669151159569914,0.07407407407407407,0.20454545454545456,0.05319148936170213,0.15384615384615385,0.14285714285714285,0.3333333333333333,0.9674124800755652,0.2979591836734694,0.07142857142857142,0.8008934269304403,0.16666666666666666,0.744270205066345,1.0,1.0,0.13537906137184116,1.0,0.07407407407407407,0.20454545454545456
Vehicle_10,8389637,263,0.08450704225352113,0.10526315789473684,1e-20,1e-20,0.9674124800755652,0.3123973727422003,0.3247058823529412,0.9613603654339529,1e-20,1e-20,1e-20,0.000579155440284038,0.25748502994011974,1e-20,0.2784313725490196,0.33996937212863704,0.08450704225352113,0.10526315789473684,0.2,0.5,0.9674124800755652,0.3123973727422003,0.3247058823529412,0.9613603654339529,0.25,0.744270205066345,0.3333333333333333,1.0,0.25748502994011974,1.0,0.2784313725490196,0.33996937212863704
Vehicle_10,8389637,264,0.0967741935483871,0.21505376344086022,1e-20,0.00037771006975045955,0.9674124800755652,0.002052545155993432,0.000784313725490196,0.9613603654339529,0.1111111111111111,1e-20,1e-20,0.00047843275501724874,0.0007733952049497294,0.0003676378012237806,0.00392156862745098,0.02909647779479326,0.0967741935483871,0.21505376344086022,0.5,0.2,0.9674124800755652,0.002052545155993432,0.000784313725490196,0.9613603654339529,0.1111111111111111,0.744270205066345,1.0,0.5,0.0007733952049497294,1.0,0.00392156862745098,0.02909647779479326
Vehicle_10,8389637,265,0.08695652173913043,1e-20,1e-20,1e-20,0.9674124800755652,0.0967741935483871,0.06666666666666667,0.9613603654339529,1e-20,1e-20,1e-20,1e-20,0.05263157894736842,0.0003726739354871201,0.08571428571428572,0.060240963855421686,0.08695652173913043,0.012048192771084338,0.1111111111111111,0.25,0.9674124800755652,0.0967741935483871,0.06666666666666667,0.9613603654339529,0.058823529411764705,0.744270205066345,1.0,0.5,0.05263157894736842,1.0,0.08571428571428572,0.060240963855421686
Vehicle_10,8389637,266,0.15384615384615385,1e-20,0.125,1e-20,0.9674124800755652,0.14285714285714285,1e-20,0.9613603654339529,1e-20,1e-20,1e-20,0.0006546974542341299,0.06451612903225806,1e-20,0.024390243902439025,0.024691358024691357,0.15384615384615385,0.25,0.125,0.3333333333333333,0.9674124800755652,0.14285714285714285,0.25,0.9613603654339529,0.0625,0.744270205066345,0.3333333333333333,0.5,0.06451612903225806,1.0,0.024390243902439025,0.024691358024691357
Vehicle_10,8389637,267,0.10245901639344263,1e-20,1e-20,1e-20,0.9674124800755652,0.08064516129032258,0.05172413793103448,0.9613603654339529,0.09090909090909091,1e-20,1e-20,0.00045325208370055144,0.0136986301369863,1e-20,0.21808510638297873,0.23708206686930092,0.10245901639344263,0.06666666666666667,0.125,0.6,0.9674124800755652,0.08064516129032258,0.05172413793103448,0.9613603654339529,0.09090909090909091,0.744270205066345,0.5,0.5,0.0136986301369863,0.5,0.21808510638297873,0.23708206686930092
Vehicle_10,8389637,268,0.03314917127071823,0.07407407407407407,1e-20,0.0007503840052375797,0.9674124800755652,0.01818181818181818,0.0136986301369863,0.9613603654339529,1e-20,1e-20,0.001037443658247929,1e-20,0.09090909090909091,0.00037771006975045955,0.1276595744680851,0.12462006079027356,0.03314917127071823,0.07407407407407407,1.0,0.5,0.9674124800755652,0.01818181818181818,0.0136986301369863,0.9613603654339529,0.25,0.744270205066345,0.3333333333333333,0.3333333333333333,0.09090909090909091,1.0,0.1276595744680851,0.12462006079027356
Vehicle_10,8389637,269,1e-20,0.08771929824561403,0.2,1e-20,0.9674124800755652,0.11392405063291139,0.10256410256410256,0.9613603654339529,1e-20,1e-20,1e-20,1e-20,0.018518518518518517,1e-20,0.08496732026143791,0.07662835249042145,0.011764705882352941,0.08771929824561403,0.2,0.3333333333333333,0.9674124800755652,0.11392405063291139,0.10256410256410256,0.9613603654339529,0.25,0.744270205066345,0.3333333333333333,1.0,0.018518518518518517,1.0,0.08496732026143791,0.07662835249042145
Vehicle_10,8389637,270,0.08108108108108109,0.06422018348623854,0.13043478260869565,0.07692307692307693,0.9674124800755652,0.10714285714285714,0.07692307692307693,0.9613603654339529,0.045454545454545456,1e-20,1e-20,1e-20,0.06976744186046512,1e-20,0.04132231404958678,0.03553299492385787,0.08108108108108109,0.06422018348623854,0.13043478260869565,0.07692307692307693,0.9674124800755652,0.10714285714285714,0.07692307692307693,0.9613603654339529,0.045454545454545456,0.744270205066345,1.0,0.5,0.06976744186046512,0.5,0.04132231404958678,0.03553299492385787
Vehicle_10,8389637,271,0.058333333333333334,0.11363636363636363,0.23076923076923078,0.2857142857142857,0.9674124800755652,0.015873015873015872,1e-20,0.9613603654339529,1e-20,1e-20,1e-20,0.0004885050235439276,0.015384615384615385,1e-20,0.12941176470588237,0.10112359550561797,0.058333333333333334,0.11363636363636363,0.23076923076923078,0.2857142857142857,0.9674124800755652,0.015873015873015872,0.07692307692307693,0.9613603654339529,0.2727272727272727,0.744270205066345,0.25,1.0,0.015384615384615385,0.5,0.12941176470588237,0.10112359550561797
Vehicle_10,8389637,272,0.03529411764705882,0.1276595744680851,1e-20,1e-20,0.9674124800755652,0.06666666666666667,0.06584362139917696,0.9613603654339529,0.08333333333333333,1e-20,1e-20,1e-20,0.0748663101604278,1e-20,0.09027777777777778,0.09293680297397769,0.03529411764705882,0.1276595744680851,0.14285714285714285,0.18181818181818182,0.9674124800755652,0.06666666666666667,0.06584362139917696,0.9613603654339529,0.08333333333333333,0.744270205066345,0.2,0.3333333333333333,0.0748663101604278,0.5,0.09027777777777778,0.09293680297397769
Vehicle_10,8389637,273,0.15,0.013333333333333334,1e-20,1e-20,0.9674124800755652,0.08934707903780069,0.046357615894039736,0.9613603654339529,1e-20,1e-20,1e-20,1e-20,0.011560693641618497,0.00031224032432704653,0.1346153846153846,0.13877551020408163,0.15,0.013333333333333334,0.14285714285714285,0.3333333333333333,0.9674124800755652,0.08934707903780069,0.046357615894039736,0.9613603654339529,0.07692307692307693,0.744270205066345,0.5,0.5,0.011560693641618497,1.0,0.1346153846153846,0.13877551020408163
Vehicle_10,8389637,274,0.07258064516129033,0.15384615384615385,1e-20,1e-20,0.9674124800755652,0.064,0.0603448275862069,0.9613603654339529,1e-20,1e-20,1e-20,1e-20,0.021621621621621623,1e-20,0.25735294117647056,0.21587301587301588,0.07258064516129033,0.15384615384615385,0.1,0.25,0.9674124800755652,0.064,0.0603448275862069,0.9613603654339529,0.037037037037037035,0.744270205066345,1.0,1.0,0.021621621621621623,1.0,0.25735294117647056,0.21587301587301588
Vehicle_10,8389637,275,0.022388059701492536,0.11290322580645161,0.0035706191927076776,0.0019086948858056557,0.9674124800755652,0.002044989775051125,0.0036231884057971015,0.03863963456604718,1e-20,1e-20,1e-20,0.001037443658247929,0.11743772241992882,1e-20,0.007067137809187279,0.11093247588424437,0.022388059701492536,0.11290322580645161,0.5,1.0,0.9674124800755652,0.002044989775051125,0.0036231884057971015,0.03863963456604718,0.5,0.744270205066345,0.3333333333333333,1.0,0.11743772241992882,0.5,0.007067137809187279,0.11093247588424437
Vehicle_10,8389637,276,0.04,1e-20,1e-20,0.002019489839599124,0.9674124800755652,1e-20,1e-20,0.8207282913165266,1e-20,1e-20,1e-20,1e-20,1e-20,1e-20,1e-20,0.0038910505836575876,0.04,0.010526315789473684,0.2,0.3333333333333333,0.9674124800755652,0.1111111111111111,0.4,0.8207282913165266,0.2,0.744270205066345,0.3333333333333333,0.5,0.002824858757062147,1.0,0.045454545454545456,0.0038910505836575876
Vehicle_10,8389637,277,0.04225352112676056,1e-20,1e-20,1e-20,0.9674124800755652,1e-20,1e-20,0.9585474366846567,1e-20,1e-20,1e-20,1e-20,1e-20,0.000775564676554277,1e-20,1e-20,0.04225352112676056,0.16666666666666666,0.12,0.15384615384615385,0.9674124800755652,0.3333333333333333,1.0,0.9585474366846567,0.034482758620689655,0.744270205066345,0.14285714285714285,1.0,0.5,0.5,0.3333333333333333,0.1111111111111111
Vehicle_10,8389637,278,0.02054794520547945,1e-20,0.02040816326530612,1e-20,0.9674124800755652,1e-20,1e-20,0.9585474366846567,0.1111111111111111,1e-20,1e-20,0.0007856369450809558,1e-20,0.0005388663661773223,1e-20,1e-20,0.02054794520547945,1.0,0.02040816326530612,0.041666666666666664,0.9674124800755652,0.5,0.5,0.9585474366846567,0.1111111111111111,0.744270205066345,0.16666666666666666,0.3333333333333333,1.0,1.0,0.16666666666666666,0.14285714285714285
Vehicle_10,8389637,279,0.20634920634920634,1e-20,0.038461538461538464,1e-20,0.9674124800755652,0.1111111111111111,0.2,0.9585474366846567,1e-20,1e-20,1e-20,1e-20,0.1,1e-20,0.14285714285714285,0.14673913043478262,0.20634920634920634,0.16666666666666666,0.038461538461538464,0.09090909090909091,0.9674124800755652,0.1111111111111111,0.2,0.9585474366846567,0.08333333333333333,0.744270205066345,0.16666666666666666,0.5,0.1,0.3333333333333333,0.14285714285714285,0.14673913043478262
Vehicle_10,8389637,280,0.0967741935483871,0.1509433962264151,0.15384615384615385,0.2,0.9674124800755652,0.047619047619047616,0.125,0.9585474366846567,1e-20,1e-20,1e-20,1e-20,0.14285714285714285,1e-20,0.06481481481481481,0.07553956834532374,0.0967741935483871,0.1509433962264151,0.15384615384615385,0.2,0.9674124800755652,0.047619047619047616,0.125,0.9585474366846567,0.1111111111111111,0.744270205066345,0.6666666666666666,0.5,0.14285714285714285,0.25,0.06481481481481481,0.07553956834532374
Vehicle_10,8389637,281,1e-20,0.12962962962962962,0.07692307692307693,0.1111111111111111,0.9674124800755652,1e-20,1e-20,0.9585474366846567,1e-20,1e-20,1e-20,1e-20,0.125,0.0005590109032306801,0.1780821917808219,0.1619718309859155,0.02631578947368421,0.12962962962962962,0.07692307692307693,0.1111111111111111,0.9674124800755652,0.1,0.15384615384615385,0.9585474366846567,0.25,0.744270205066345,0.1111111111111111,1.0,0.125,1.0,0.1780821917808219,0.1619718309859155
Vehicle_10,8389637,282,1e-20,0.17777777777777778,1e-20,1e-20,0.9674124800755652,0.038461538461538464,0.07142857142857142,0.9585474366846567,1e-20,1e-20,1e-20,1e-20,1e-20,1e-20,0.0743801652892562,0.09230769230769231,0.07142857142857142,0.17777777777777778,0.07407407407407407,0.13333333333333333,0.9674124800755652,0.038461538461538464,0.07142857142857142,0.9585474366846567,0.041666666666666664,0.744270205066345,0.16666666666666666,1.0,0.09523809523809523,1.0,0.0743801652892562,0.09230769230769231
Vehicle_10,8389637,283,0.010810810810810811,0.04878048780487805,1e-20,1e-20,0.9674124800755652,1e-20,1e-20,0.9585474366846567,0.25,1e-20,1e-20,1e-20,1e-20,1e-20,1e-20,0.008064516129032258,0.010810810810810811,0.04878048780487805,0.16666666666666666,0.25,0.9674124800755652,0.2,0.3333333333333333,0.9585474366846567,0.25,0.744270205066345,0.16666666666666666,0.5,0.25,1.0,0.019230769230769232,0.008064516129032258
Vehicle_10,8389637,284,0.044444444444444446,1e-20,1e-20,1e-20,0.9674124800755652,1e-20,1e-20,0.9585474366846567,1e-20,1e-20,1e-20,1e-20,1e-20,0.001475587339158462,1e-20,1e-20,0.044444444444444446,0.05555555555555555,0.25,0.5,0.9674124800755652,0.07142857142857142,0.08333333333333333,0.9585474366846567,0.3333333333333333,0.744270205066345,0.3333333333333333,1.0,0.2,1.0,0.125,0.07142857142857142
Vehicle_10,8389637,285,0.04201680672268908,1e-20,1e-20,1e-20,0.03258751992443474,0.125,0.3333333333333333,0.9585474366846567,0.047619047619047616,1e-20,1e-20,1e-20,1e-20,1e-20,1e-20,1e-20,0.04201680672268908,0.2,1.0,1.0,0.03258751992443474,0.125,0.3333333333333333,0.9585474366846567,0.047619047619047616,0.744270205066345,0.25,0.3333333333333333,0.25,0.25,0.3333333333333333,0.2
Vehicle_10,8389637,286,0.011494252873563218,1e-20,0.005539747689673406,0.0026087175484098405,0.8513274336283185,1e-20,1e-20,0.9585474366846567,1e-20,1e-20,1e-20,1e-20,1e-20,1e-20,1e-20,1e-20,0.011494252873563218,0.5,0.007067137809187279,1.0,0.8513274336283185,0.11764705882352941,0.07692307692307693,0.9585474366846567,0.02631578947368421,0.744270205066345,0.006993006993006993,0.1,0.25,0.1,0.5,0.017699115044247787
Vehicle_10,8389637,287,0.09411764705882353,1e-20,0.0011230579407246997,0.0005489386347040012,0.9618592351505288,0.061224489795918366,1e-20,0.9585474366846567,1e-20,1e-20,1e-20,1e-20,0.18181818181818182,1e-20,0.007619671140432604,0.2,0.09411764705882353,0.3333333333333333,1.0,1.0,0.9618592351505288,0.061224489795918366,0.05263157894736842,0.9585474366846567,0.3333333333333333,0.744270205066345,0.5,0.5,0.18181818181818182,1.0,0.5,0.2
Vehicle_10,8389637,288,0.12941176470588237,0.002851840115884297,1e-20,0.0007806008108176164,0.9618592351505288,0.037037037037037035,1e-20,0.9585474366846567,1e-20,1e-20,1e-20,1e-20,0.2222222222222222,1e-20,1e-20,1e-20,0.12941176470588237,1.0,0.5,1.0,0.9618592351505288,0.037037037037037035,0.09090909090909091,0.9585474366846567,0.14285714285714285,0.744270205066345,0.3333333333333333,0.5,0.2222222222222222,0.5,0.16666666666666666,0.1
Vehicle_10,8389637,289,0.021739130434782608,1e-20,1e-20,0.0007503840052375797,0.9618592351505288,0.014492753623188406,1e-20,0.9585474366846567,1e-20,1e-20,0.001138166343514718,0.0002920957872736887,0.058823529411764705,1e-20,1e-20,0.028169014084507043,0.021739130434782608,0.5,1.0,1.0,0.9618592351505288,0.014492753623188406,0.0625,0.9585474366846567,0.3333333333333333,0.744270205066345,0.5,0.5,0.058823529411764705,1.0,0.0967741935483871,0.028169014084507043
Vehicle_10,8389637,290,0.125,1e-20,1e-20,1e-20,0.9618592351505288,0.05,0.09090909090909091,0.9585474366846567,1e-20,1e-20,1e-20,0.0004381436809105331,1e-20,0.00021151763906025734,0.15819209039548024,0.13538461538461538,0.125,0.07692307692307693,0.1111111111111111,0.2,0.9618592351505288,0.05,0.09090909090909091,0.9585474366846567,0.09090909090909091,0.744270205066345,0.3333333333333333,1.0,0.05263157894736842,1.0,0.15819209039548024,0.13538461538461538
Vehicle_10,8389637,291,0.10256410256410256,0.21428571428571427,0.08333333333333333,0.07692307692307693,0.9618592351505288,0.2222222222222222,0.2222222222222222,0.9585474366846567,0.09090909090909091,1e-20,1e-20,1e-20,1e-20,0.0001913731020068995,0.24324324324324326,0.23622047244094488,0.10256410256410256,0.21428571428571427,0.08333333333333333,0.07692307692307693,0.9618592351505288,0.2222222222222222,0.2222222222222222,0.9585474366846567,0.09090909090909091,0.744270205066345,0.5,1.0,0.09523809523809523,1.0,0.24324324324324326,0.23622047244094488
Vehicle_10,8389637,292,0.19444444444444445,0.1891891891891892,1e-20,1e-20,0.9618592351505288,0.06896551724137931,0.14285714285714285,0.9585474366846567,0.0625,1e-20,0.0011532747463047365,1e-20,0.058823529411764705,0.00022662604185027572,0.12435233160621761,0.13855421686746988,0.19444444444444445,0.1891891891891892,0.041666666666666664,0.08333333333333333,0.9618592351505288,0.06896551724137931,0.14285714285714285,0.9585474366846567,0.0625,0.744270205066345,0.3333333333333333,1.0,0.058823529411764705,1.0,0.12435233160621761,0.13855421686746988
Vehicle_10,8389637,293,0.04861111111111111,0.03076923076923077,1e-20,1e-20,0.9618592351505288,0.14754098360655737,1e-20,0.9585474366846567,1e-20,1e-20,1e-20,0.0005237579633873039,0.029411764705882353,0.0003223125928537255,0.03937007874015748,0.036734693877551024,0.04861111111111111,0.03076923076923077,0.5,0.5,0.9618592351505288,0.14754098360655737,0.038461538461538464,0.9585474366846567,0.3333333333333333,0.744270205066345,1.0,1.0,0.029411764705882353,1.0,0.03937007874015748,0.036734693877551024
Vehicle_10,8389637,294,0.041666666666666664,0.041666666666666664,1e-20,1e-20,0.9618592351505288,0.06363636363636363,0.061224489795918366,0.9585474366846567,1e-20,1e-20,1e-20,1e-20,0.034482758620689655,0.0004331075466471936,0.06779661016949153,0.10679611650485436,0.041666666666666664,0.041666666666666664,1.0,1.0,0.9618592351505288,0.06363636363636363,0.061224489795918366,0.9585474366846567,0.5,0.744270205066345,0.5,0.5,0.034482758620689655,1.0,0.06779661016949153,0.10679611650485436
Vehicle_10,8389637,295,0.12,0.08333333333333333,1e-20,1e-20,0.9618592351505288,0.05555555555555555,0.0625,0.9585474366846567,0.08,1e-20,1e-20,0.0005640470374940196,0.05263157894736842,1e-20,0.0379746835443038,0.051094890510948905,0.12,0.08333333333333333,0.06666666666666667,0.1111111111111111,0.9618592351505288,0.05555555555555555,0.0625,0.9585474366846567,0.08,0.744270205066345,0.2,1.0,0.05263157894736842,1.0,0.0379746835443038,0.051094890510948905
Vehicle_10,8389637,296,0.012658227848101266,1e-20,0.047619047619047616,0.045454545454545456,0.9618592351505288,1e-20,1e-20,0.9585474366846567,0.08333333333333333,1e-20,1e-20,1e-20,1e-20,1e-20,0.009009009009009009,0.022598870056497175,0.012658227848101266,0.0625,0.047619047619047616,0.045454545454545456,0.9618592351505288,0.08333333333333333,0.2,0.9585474366846567,0.08333333333333333,0.744270205066345,0.16666666666666666,1.0,0.08333333333333333,1.0,0.009009009009009009,0.022598870056497175
Vehicle_10,8389637,297,0.13043478260869565,1e-20,0.0625,0.1111111111111111,0.9618592351505288,0.16666666666666666,0.2222222222222222,0.9585474366846567,1e-20,1e-20,1e-20,0.0012489612973081861,1e-20,1e-20,0.0625,0.04225352112676056,0.13043478260869565,0.03225806451612903,0.0625,0.1111111111111111,0.9618592351505288,0.16666666666666666,0.2222222222222222,0.9585474366846567,0.15789473684210525,0.744270205066345,0.16666666666666666,0.5,0.06666666666666667,0.5,0.0625,0.04225352112676056
Vehicle_10,8389637,298,0.1761904761904762,0.16666666666666666,0.041666666666666664,1e-20,0.9618592351505288,1e-20,1e-20,0.9585474366846567,0.15,1e-20,0.0005439025004406618,0.00013093949084682597,1e-20,1e-20,0.08333333333333333,0.058823529411764705,0.1761904761904762,0.16666666666666666,0.041666666666666664,0.1111111111111111,0.9618592351505288,0.07692307692307693,0.14285714285714285,0.9585474366846567,0.15,0.744270205066345,0.3333333333333333,1.0,0.07142857142857142,1.0,0.08333333333333333,0.058823529411764705
Vehicle_10,8389637,299,0.19375,1e-20,1e-20,1e-20,0.9618592351505288,0.14285714285714285,0.05,0.9585474366846567,0.05,1e-20,1e-20,1e-20,1e-20,0.0002669151159569914,0.216,0.20346320346320346,0.19375,0.05,0.05,0.1,0.9618592351505288,0.14285714285714285,0.05,0.9585474366846567,0.05,0.744270205066345,0.5,1.0,0.3333333333333333,1.0,0.216,0.20346320346320346
Vehicle_10,8389637,300,0.20212765957446807,0.03125,0.09090909090909091,0.25,0.9618592351505288,1e-20,1e-20,0.9585474366846567,0.047619047619047616,1e-20,1e-20,0.0007503840052375797,1e-20,0.0007302394681842218,0.016260162601626018,0.017391304347826087,0.20212765957446807,0.03125,0.09090909090909091,0.25,0.9618592351505288,0.022222222222222223,0.05263157894736842,0.9585474366846567,0.047619047619047616,0.744270205066345,1.0,1.0,0.07692307692307693,1.0,0.016260162601626018,0.017391304347826087
Vehicle_10,8389637,301,0.12093023255813953,1e-20,1e-20,1e-20,0.9618592351505288,1e-20,1e-20,0.9585474366846567,1e-20,1e-20,1e-20,1e-20,1e-20,0.0002669151159569914,0.04,0.03333333333333333,0.12093023255813953,0.05555555555555555,0.14285714285714285,0.3333333333333333,0.9618592351505288,0.038461538461538464,0.08333333333333333,0.9585474366846567,0.058823529411764705,0.744270205066345,0.2,1.0,0.06666666666666667,1.0,0.04,0.03333333333333333
Vehicle_10,8389637,302,0.022222222222222223,0.125,1e-20,1e-20,0.9618592351505288,0.1,0.25,0.9585474366846567,1e-20,1e-20,0.0012137083574648101,0.0005640470374940196,0.03225806451612903,0.00040289074106715684,0.037037037037037035,0.03636363636363636,0.022222222222222223,0.125,0.25,0.3333333333333333,0.9618592351505288,0.1,0.25,0.9585474366846567,0.3333333333333333,0.744270205066345,1.0,1.0,0.03225806451612903,1.0,0.037037037037037035,0.03636363636363636
Vehicle_10,8389637,303,0.05,1e-20,1e-20,0.0008460705562410293,0.9618592351505288,1e-20,1e-20,0.04145256331534326,1e-20,1e-20,1e-20,0.0007503840052375797,1e-20,0.0007302394681842218,0.06666666666666667,0.06382978723404255,0.05,0.5,0.2,0.2857142857142857,0.9618592351505288,0.25,0.5,0.04145256331534326,0.0625,0.744270205066345,0.25,1.0,0.25,1.0,0.06666666666666667,0.06382978723404255
Vehicle_10,8389637,304,0.15025906735751296,1e-20,1e-20,1e-20,0.9618592351505288,0.25,1.0,0.8008934269304403,1e-20,1e-20,1e-20,1e-20,1e-20,6.546974542341297e-05,1e-20,0.022727272727272728,0.15025906735751296,0.2,0.3333333333333333,0.5,0.9618592351505288,0.25,1.0,0.8008934269304403,0.09090909090909091,0.744270205066345,0.3333333333333333,1.0,0.047619047619047616,1.0,0.16666666666666666,0.022727272727272728
Vehicle_10,8389637,305,0.04639175257731959,0.4,0.21428571428571427,0.3333333333333333,0.9618592351505288,1e-20,1e-20,0.9613603654339529,0.03225806451612903,1e-20,0.0022813688212927757,0.0008762873618210662,0.005212398962556342,0.0008007453478709743,0.1111111111111111,0.07142857142857142,0.04639175257731959,0.4,0.21428571428571427,0.3333333333333333,0.9618592351505288,0.2,0.3333333333333333,0.9613603654339529,0.03225806451612903,0.744270205066345,1.0,1.0,1.0,1.0,0.1111111111111111,0.07142857142857142
Vehicle_10,8389637,306,0.06666666666666667,1e-20,0.04,1e-20,0.9618592351505288,1e-20,1e-20,0.9613603654339529,1e-20,1e-20,0.001596454561478609,1e-20,1e-20,0.0001913731020068995,1e-20,0.07142857142857142,0.06666666666666667,0.14285714285714285,0.04,0.07142857142857142,0.9618592351505288,0.16666666666666666,0.25,0.9613603654339529,0.05,0.744270205066345,1.0,1.0,0.125,1.0,0.08333333333333333,0.07142857142857142
Vehicle_10,8389637,307,0.078125,1e-20,1e-20,1e-20,0.9618592351505288,1e-20,1e-20,0.9613603654339529,1e-20,1e-20,0.0013748646538916727,0.0004230352781205147,1e-20,0.0002467705789036336,0.0625,0.043478260869565216,0.078125,0.5,0.0625,0.25,0.9618592351505288,0.125,1.0,0.9613603654339529,0.2,0.744270205066345,1.0,1.0,0.3333333333333333,1.0,0.0625,0.043478260869565216
Vehicle_10,8389637,308,0.11320754716981132,0.15384615384615385,1e-20,1e-20,0.9618592351505288,1e-20,1e-20,0.9613603654339529,0.1,1e-20,1e-20,0.0003424571299070833,1e-20,8.561428247677081e-05,1e-20,0.025,0.11320754716981132,0.15384615384615385,0.043478260869565216,0.14285714285714285,0.9618592351505288,0.125,0.3333333333333333,0.9613603654339529,0.1,0.744270205066345,0.3333333333333333,0.5,0.14285714285714285,1.0,0.07692307692307693,0.025
Vehicle_10,8389637,309,0.03125,0.046511627906976744,1e-20,1e-20,0.9618592351505288,1e-20,1e-20,0.9613603654339529,1e-20,1e-20,1e-20,0.0005338302319139828,1e-20,0.00017122856495354165,0.1111111111111111,0.07865168539325842,0.03125,0.046511627906976744,0.25,0.3333333333333333,0.9618592351505288,0.08333333333333333,0.16666666666666666,0.9613603654339529,0.05,0.744270205066345,0.5,0.3333333333333333,0.1111111111111111,1.0,0.1111111111111111,0.07865168539325842
Vehicle_10,8389637,310,1e-20,0.0625,0.14285714285714285,0.5,0.9618592351505288,0.03125,1e-20,0.9613603654339529,0.14285714285714285,1e-20,1e-20,0.00017626469921688112,1e-20,6.546974542341297e-05,0.12745098039215685,0.18385650224215247,0.06976744186046512,0.0625,0.14285714285714285,0.5,0.9618592351505288,0.03125,0.15789473684210525,0.9613603654339529,0.14285714285714285,0.744270205066345,1.0,1.0,0.25,1.0,0.12745098039215685,0.18385650224215247
Vehicle_10,8389637,311,0.2222222222222222,0.21428571428571427,1e-20,1e-20,0.9618592351505288,0.05,0.08333333333333333,0.9613603654339529,1e-20,1e-20,0.0013194671769949386,0.0005338302319139828,1e-20,0.00017122856495354165,0.24691358024691357,0.199203187250996,0.2222222222222222,0.21428571428571427,0.05555555555555555,0.09090909090909091,0.9618592351505288,0.05,0.08333333333333333,0.9613603654339529,0.3333333333333333,0.744270205066345,1.0,1.0,1.0,1.0,0.24691358024691357,0.199203187250996
Vehicle_10,8389637,312,0.019230769230769232,0.2597402597402597,1e-20,0.0007806008108176164,0.9618592351505288,1e-20,1e-20,0.9613603654339529,0.001707249515272077,1e-20,0.0007403117367109007,0.0002669151159569914,1e-20,1e-20,0.02631578947368421,0.03985507246376811,0.019230769230769232,0.2597402597402597,1.0,0.3333333333333333,0.9618592351505288,0.1111111111111111,0.3333333333333333,0.9613603654339529,1.0,0.744270205066345,1.0,1.0,0.2,1.0,0.02631578947368421,0.03985507246376811
Vehicle_10,8389637,313,1e-20,0.012987012987012988,1e-20,0.0007957092136076347,0.9618592351505288,1e-20,1e-20,0.9613603654339529,1e-20,1e-20,1e-20,0.0004885050235439276,1e-20,0.00037771006975045955,0.013157894736842105,0.0189873417721519,0.3,0.012987012987012988,1.0,1.0,0.9618592351505288,0.16666666666666666,0.3333333333333333,0.9613603654339529,1.0,0.744270205066345,1.0,0.5,0.03225806451612903,1.0,0.013157894736842105,0.0189873417721519
Vehicle_10,8389637,314,1e-20,1e-20,0.09090909090909091,1e-20,0.9618592351505288,1e-20,0.015440787651398787,0.9613603654339529,1e-20,1e-20,1e-20,0.0008913957646110845,1e-20,0.0006144083801274142,0.058823529411764705,0.04878048780487805,0.07692307692307693,0.2727272727272727,0.09090909090909091,0.14285714285714285,0.9618592351505288,0.5,1.0,0.9613603654339529,1.0,0.744270205066345,1.0,0.5,0.08333333333333333,1.0,0.058823529411764705,0.04878048780487805
Vehicle_10,8389637,315,0.06060606060606061,1e-20,1e-20,1e-20,0.9618592351505288,0.026273512451841965,0.012761564223302194,0.03863963456604718,1e-20,1e-20,1e-20,1e-20,1e-20,0.0010777327323546447,1e-20,0.05,0.06060606060606061,0.3333333333333333,0.05,0.2,0.9618592351505288,1.0,0.5,0.03863963456604718,0.1111111111111111,0.744270205066345,1.0,1.0,0.2,1.0,0.1,0.05
Vehicle_10,8389637,316,0.011695906432748537,0.0030379390299719844,1e-20,1e-20,0.9618592351505288,1e-20,1e-20,0.8207282913165266,1e-20,1e-20,1e-20,0.001913731020068995,1e-20,1e-20,1e-20,1e-20,0.011695906432748537,0.3333333333333333,0.25,1.0,0.9618592351505288,0.02702702702702703,0.5,0.8207282913165266,0.125,0.744270205066345,0.3333333333333333,0.5,0.023255813953488372,1.0,0.14285714285714285,0.015384615384615385
Vehicle_10,8389637,317,0.02857142857142857,0.002635562999512119,0.011376627300883842,0.004638279656535643,0.9618592351505288,1e-20,1e-20,0.9585474366846567,1e-20,1e-20,1e-20,1e-20,0.037037037037037035,1e-20,1e-20,1e-20,0.02857142857142857,0.3333333333333333,0.5,1.0,0.9618592351505288,0.05555555555555555,0.1,0.9585474366846567,0.5,0.744270205066345,0.25,0.4,0.037037037037037035,1.0,0.2,0.07692307692307693
Vehicle_10,8389637,318,0.08571428571428572,1e-20,1e-20,1e-20,0.03814076484947111,0.10650887573964497,0.11688311688311688,0.9585474366846567,1e-20,1e-20,1e-20,1e-20,0.028985507246376812,1e-20,1e-20,1e-20,0.08571428571428572,0.3333333333333333,0.5,0.5,0.03814076484947111,0.10650887573964497,0.11688311688311688,0.9585474366846567,1.0,0.744270205066345,0.3333333333333333,0.16666666666666666,0.028985507246376812,0.5,0.3333333333333333,0.3333333333333333
Vehicle_10,8389637,319,0.08045977011494253,1e-20,1e-20,0.004754110744592451,0.8374371859296482,1e-20,1e-20,0.9585474366846567,0.041666666666666664,1e-20,1e-20,1e-20,0.08333333333333333,0.07142857142857142,0.0054390250044066175,1e-20,0.08045977011494253,0.5,0.1111111111111111,1.0,0.8374371859296482,0.00980392156862745,0.01818181818181818,0.9585474366846567,0.041666666666666664,0.744270205066345,0.1,0.07142857142857142,0.08333333333333333,0.07142857142857142,0.3333333333333333,0.3333333333333333
Vehicle_10,8389637,320,0.009727626459143969,0.0026305332991313707,1e-20,1e-20,0.9674124800755652,1e-20,1e-20,0.9585474366846567,1e-20,1e-20,1e-20,0.16666666666666666,0.03571428571428571,1e-20,0.006521793871024601,0.014176717951300582,0.009727626459143969,1.0,0.2,0.2,0.9674124800755652,0.10526315789473684,0.1,0.9585474366846567,0.16666666666666666,0.744270205066345,1.0,0.16666666666666666,0.03571428571428571,0.16666666666666666,1.0,0.5
Vehicle_10,8389637,321,0.018867924528301886,0.0028971074193110315,0.0007453478709742401,0.00037771006975045955,0.9674124800755652,0.06896551724137931,0.047619047619047616,0.9585474366846567,0.0026389343539898772,1e-20,1e-20,1e-20,0.041666666666666664,0.000775564676554277,1e-20,1e-20,0.018867924528301886,1.0,1.0,1.0,0.9674124800755652,0.06896551724137931,0.047619047619047616,0.9585474366846567,1.0,0.744270205066345,1.0,1.0,0.041666666666666664,1.0,0.5,0.25
Vehicle_10,8389637,322,1e-20,1e-20,1e-20,1e-20,0.9674124800755652,0.043478260869565216,1e-20,0.04145256331534326,0.0014604789363684436,1e-20,1e-20,1e-20,0.09090909090909091,1e-20,0.058823529411764705,0.07462686567164178,0.375,1.0,1.0,1.0,0.9674124800755652,0.043478260869565216,0.1111111111111111,0.04145256331534326,0.5,0.744270205066345,0.3333333333333333,0.5,0.09090909090909091,1.0,0.058823529411764705,0.07462686567164178
Vehicle_10,8389637,323,0.10344827586206896,1e-20,1e-20,1e-20,0.9674124800755652,1e-20,1e-20,0.8008934269304403,0.0006597335884974693,1e-20,0.0004230352781205147,0.0001913731020068995,0.037037037037037035,4.532520837005514e-05,0.045454545454545456,0.05142857142857143,0.10344827586206896,0.5,1.0,1.0,0.9674124800755652,0.08333333333333333,0.25,0.8008934269304403,1.0,0.744270205066345,1.0,0.5,0.037037037037037035,1.0,0.045454545454545456,0.05142857142857143
Vehicle_10,8389637,324,0.10526315789473684,0.1282051282051282,0.0010223352554579106,0.00046836048649056986,0.9674124800755652,0.2646370023419204,0.24369747899159663,0.9613603654339529,0.001792863797748848,1e-20,1e-20,0.00030216805580036765,0.11777777777777777,0.0001410117593735049,0.16981132075471697,0.15953307392996108,0.10526315789473684,0.1282051282051282,1.0,1.0,0.9674124800755652,0.2646370023419204,0.24369747899159663,0.9613603654339529,1.0,0.744270205066345,1.0,0.5,0.11777777777777777,1.0,0.16981132075471697,0.15953307392996108
Vehicle_10,8389637,325,0.025974025974025976,0.030927835051546393,1e-20,0.0005388663661773223,0.9674124800755652,0.06802721088435375,0.07264957264957266,0.9613603654339529,0.0019489839599123712,1e-20,0.0007403117367109007,1e-20,0.03722084367245657,1e-20,0.125,0.1386861313868613,0.025974025974025976,0.030927835051546393,0.5,1.0,0.9674124800755652,0.06802721088435375,0.07264957264957266,0.9613603654339529,0.5,0.744270205066345,1.0,1.0,0.03722084367245657,1.0,0.125,0.1386861313868613
Vehicle_10,8389637,326,0.05,0.13636363636363635,0.1,1e-20,0.9674124800755652,0.17933130699088146,0.17058823529411765,0.9613603654339529,1e-20,1e-20,1e-20,0.00045325208370055144,0.096,1.0,0.1568627450980392,0.134185303514377,0.05,0.13636363636363635,0.1,0.16666666666666666,0.9674124800755652,0.17933130699088146,0.17058823529411765,0.9613603654339529,0.125,0.744270205066345,0.5,1.0,0.096,1.0,0.1568627450980392,0.134185303514377
Vehicle_10,8389637,327,0.032432432432432434,0.16666666666666666,0.5,0.6666666666666666,0.9674124800755652,0.16471277842907386,0.1673913043478261,0.9613603654339529,1e-20,1e-20,0.001269105834361544,0.000634552917180772,0.09,1e-20,0.16339869281045752,0.1723076923076923,0.032432432432432434,0.16666666666666666,0.5,0.6666666666666666,0.9674124800755652,0.16471277842907386,0.1673913043478261,0.9613603654339529,0.2,0.744270205066345,0.3333333333333333,1.0,0.09,0.5,0.16339869281045752,0.1723076923076923
Vehicle_10,8389637,328,0.078125,0.21505376344086022,1e-20,1e-20,0.9674124800755652,0.15635939323220538,0.13968957871396895,0.9613603654339529,1e-20,1e-20,1e-20,1e-20,0.07894736842105263,1e-20,0.21428571428571427,0.22456140350877193,0.078125,0.21505376344086022,0.1111111111111111,0.2,0.9674124800755652,0.15635939323220538,0.13968957871396895,0.9613603654339529,0.14285714285714285,0.744270205066345,0.5,1.0,0.07894736842105263,1.0,0.21428571428571427,0.22456140350877193
Vehicle_10,8389637,329,0.1712962962962963,0.29411764705882354,1e-20,1e-20,0.9674124800755652,0.24052287581699347,0.26520681265206814,0.9613603654339529,1e-20,1e-20,1e-20,0.0007050587968675245,0.06640625,0.0005590109032306801,0.09027777777777778,0.09365558912386707,0.1712962962962963,0.29411764705882354,0.08333333333333333,0.16666666666666666,0.9674124800755652,0.24052287581699347,0.26520681265206814,0.9613603654339529,0.25,0.744270205066345,0.25,0.5,0.06640625,1.0,0.09027777777777778,0.09365558912386707
Vehicle_10,8389637,330,0.018518518518518517,0.0782608695652174,0.3333333333333333,1e-20,0.9674124800755652,0.08376963350785341,0.08716707021791767,0.9613603654339529,0.14285714285714285,1e-20,1e-20,0.0009115403016644424,0.11400651465798045,0.0005439025004406618,0.16339869281045752,0.1723076923076923,0.018518518518518517,0.0782608695652174,0.3333333333333333,0.5,0.9674124800755652,0.08376963350785341,0.08716707021791767,0.9613603654339529,0.14285714285714285,0.744270205066345,0.3333333333333333,0.5,0.11400651465798045,1.0,0.16339869281045752,0.1723076923076923
Vehicle_10,8389637,331,0.06944444444444445,1e-20,1e-20,1e-20,0.9674124800755652,0.01729106628242075,0.01639344262295082,0.03863963456604718,1e-20,1e-20,1e-20,0.0009518293757711581,1e-20,0.0007856369450809558,0.12142857142857143,0.09824561403508772,0.06944444444444445,0.03278688524590164,0.08333333333333333,0.14285714285714285,0.9674124800755652,0.01729106628242075,0.01639344262295082,0.03863963456604718,0.25,0.744270205066345,0.5,0.25,0.006688963210702341,0.3333333333333333,0.12142857142857143,0.09824561403508772
Vehicle_10,8389637,332,0.015151515151515152,1e-20,1e-20,1e-20,0.9674124800755652,1e-20,1e-20,0.8207282913165266,1e-20,1e-20,1e-20,1e-20,1e-20,1e-20,0.005847953216374269,0.03869047619047619,0.015151515151515152,0.047619047619047616,0.14285714285714285,0.3333333333333333,0.9674124800755652,0.019230769230769232,0.03333333333333333,0.8207282913165266,0.2857142857142857,0.744270205066345,0.2,1.0,0.02857142857142857,0.3333333333333333,0.005847953216374269,0.03869047619047619
Vehicle_10,8389637,333,0.1568627450980392,1e-20,1e-20,1e-20,0.9674124800755652,1e-20,1e-20,0.9585474366846567,0.1,1e-20,1e-20,1e-20,1e-20,1e-20,1e-20,0.017241379310344827,0.1568627450980392,0.08333333333333333,0.1111111111111111,0.4,0.9674124800755652,0.375,0.25,0.9585474366846567,0.1,0.744270205066345,0.5,1.0,0.09090909090909091,0.5,0.023809523809523808,0.017241379310344827
Vehicle_10,8389637,334,0.09580838323353294,1e-20,1e-20,1e-20,0.9674124800755652,0.05263157894736842,1e-20,0.9585474366846567,1e-20,1e-20,1e-20,1e-20,1e-20,1e-20,1e-20,1e-20,0.09580838323353294,0.25,0.16666666666666666,1.0,0.9674124800755652,0.05263157894736842,0.2,0.9585474366846567,0.08333333333333333,0.744270205066345,0.16666666666666666,0.2,0.07142857142857142,0.5,0.16666666666666666,0.16666666666666666
Vehicle_10,8389637,335,0.2097902097902098,1e-20,1e-20,0.010112557600785638,0.03258751992443474,0.0625,0.125,0.9585474366846567,1e-20,1e-20,1e-20,1e-20,1e-20,1e-20,1e-20,1e-20,0.2097902097902098,1.0,1.0,1.0,0.03258751992443474,0.0625,0.125,0.9585474366846567,0.125,0.744270205066345,0.09090909090909091,0.2,0.125,0.2,0.3333333333333333,0.3333333333333333
Vehicle_10,8389637,336,0.07876712328767123,1e-20,1e-20,0.0017878276634855086,0.8513274336283185,1e-20,1e-20,0.9585474366846567,0.015151515151515152,1e-20,1e-20,1e-20,0.07142857142857142,0.07692307692307693,0.004255533452521844,1e-20,0.07876712328767123,0.5,0.16666666666666666,1.0,0.8513274336283185,0.08,0.09090909090909091,0.9585474366846567,0.015151515151515152,0.744270205066345,0.08333333333333333,0.125,0.07142857142857142,0.07692307692307693,1.0,0.1111111111111111
Vehicle_10,8389637,337,0.23658536585365852,0.00293231532197627,1e-20,1e-20,0.9618592351505288,1e-20,1e-20,0.9585474366846567,1e-20,1e-20,1e-20,1e-20,1e-20,1e-20,1e-20,1e-20,0.23658536585365852,1.0,0.2,0.3333333333333333,0.9618592351505288,0.14285714285714285,0.5,0.9585474366846567,0.02857142857142857,0.744270205066345,0.07692307692307693,0.14285714285714285,0.06666666666666667,0.125,0.5,0.3333333333333333
Vehicle_10,8389637,338,0.02168021680216802,0.0028166322132190586,1e-20,1e-20,0.9618592351505288,1e-20,0.009588799637398332,0.04145256331534326,1e-20,1e-20,1e-20,1e-20,1e-20,0.002548283937249767,1e-20,1e-20,0.02168021680216802,1.0,0.5,0.5,0.9618592351505288,0.3333333333333333,0.5,0.04145256331534326,0.07692307692307693,0.744270205066345,1.0,1.0,0.18181818181818182,0.3333333333333333,0.5,0.3333333333333333
Vehicle_10,8389637,339,0.17307692307692307,0.0027210679059848403,0.1,1e-20,0.9618592351505288,1e-20,0.004240425049731826,0.8008934269304403,0.125,1e-20,1e-20,1e-20,0.006896551724137931,1e-20,1e-20,1e-20,0.17307692307692307,1.0,0.1,0.5,0.9618592351505288,0.0029154518950437317,0.5,0.8008934269304403,0.125,0.744270205066345,0.05263157894736842,0.2,0.006896551724137931,0.3333333333333333,1.0,0.011235955056179775
Vehicle_10,8389637,340,0.08333333333333333,0.002605384797227629,1e-20,0.01886535895046962,0.03814076484947111,1e-20,0.004240425049731826,0.9613603654339529,0.06666666666666667,1e-20,1e-20,1e-20,1e-20,0.07142857142857142,1e-20,1e-20,0.08333333333333333,1.0,1.0,1.0,0.03814076484947111,0.5,0.5,0.9613603654339529,0.06666666666666667,0.744270205066345,0.125,0.3333333333333333,0.125,0.07142857142857142,1.0,1.0
Vehicle_10,8389637,341,0.1656441717791411,0.002565147194181643,1e-20,0.0041195578274116785,0.8374371859296482,1e-20,1e-20,0.9613603654339529,0.03007518796992481,1e-20,1e-20,1e-20,1e-20,0.030303030303030304,0.00765492408027598,1e-20,0.1656441717791411,1.0,0.001287001287001287,1.0,0.8374371859296482,0.009523809523809525,0.02127659574468085,0.9613603654339529,0.03007518796992481,0.744270205066345,0.002890173410404624,0.05263157894736842,0.023255813953488372,0.030303030303030304,1.0,0.008620689655172414
Vehicle_10,8389637,342,0.18773946360153257,0.004144473113736615,1e-20,1e-20,0.9674124800755652,1e-20,1e-20,0.03863963456604718,1e-20,1e-20,0.125,0.11764705882352941,1e-20,0.05263157894736842,0.005232543499609699,0.011603253342734118,0.18773946360153257,0.5,0.14285714285714285,0.5,0.9674124800755652,0.25,0.3333333333333333,0.03863963456604718,0.03225806451612903,0.744270205066345,0.125,0.11764705882352941,0.5,0.05263157894736842,1.0,1.0
Vehicle_10,8389637,343,0.036053130929791274,0.0027210679059848403,0.058823529411764705,1e-20,0.03258751992443474,1e-20,1e-20,0.8207282913165266,1e-20,1e-20,1e-20,1e-20,1e-20,1e-20,0.005469241809986654,1e-20,0.036053130929791274,1.0,0.058823529411764705,0.08333333333333333,0.03258751992443474,0.1111111111111111,0.3333333333333333,0.8207282913165266,0.05555555555555555,0.744270205066345,0.05263157894736842,0.05263157894736842,0.014084507042253521,0.16666666666666666,1.0,0.2
Vehicle_10,8389637,344,0.09803921568627451,0.0027713649097923236,1e-20,1e-20,0.8513274336283185,0.000819672131147541,1e-20,0.04145256331534326,1e-20,1e-20,1e-20,0.030303030303030304,1e-20,1e-20,0.00765492408027598,1e-20,0.09803921568627451,1.0,0.07142857142857142,1.0,0.8513274336283185,0.000819672131147541,0.0016233766233766235,0.04145256331534326,0.06666666666666667,0.744270205066345,0.07692307692307693,0.030303030303030304,0.009259259259259259,0.04,1.0,0.3333333333333333
Vehicle_10,8389637,345,0.059782608695652176,0.0022432463698137503,1e-20,1e-20,0.9618592351505288,1e-20,1e-20,0.8008934269304403,0.06060606060606061,1e-20,1e-20,0.045454545454545456,1e-20,1e-20,0.0038979679198247424,0.008143429103819908,0.059782608695652176,0.5,0.038461538461538464,0.07692307692307693,0.9618592351505288,0.0625,1.0,0.8008934269304403,0.06060606060606061,0.744270205066345,0.045454545454545456,0.045454545454545456,0.1111111111111111,0.125,1.0,1.0
Vehicle_10,8389637,346,0.16498316498316498,0.002922255921214773,1e-20,1e-20,0.03814076484947111,1e-20,1e-20,0.9613603654339529,0.0058823529411764705,1e-20,1e-20,0.05714285714285714,1e-20,1e-20,0.007992345075919723,0.014116284340140508,0.16498316498316498,1.0,0.2,1.0,0.03814076484947111,0.3333333333333333,1.0,0.9613603654339529,0.0058823529411764705,0.744270205066345,0.125,0.05714285714285714,0.125,0.037037037037037035,1.0,1.0
Vehicle_10,8389637,347,0.25622775800711745,0.0037672455851804907,1e-20,1e-20,0.8374371859296482,1e-20,1e-20,0.03863963456604718,1e-20,1e-20,1e-20,1e-20,1e-20,1e-20,0.0055800367637801225,1e-20,0.25622775800711745,1.0,0.6666666666666666,0.6666666666666666,0.8374371859296482,0.25,1.0,0.03863963456604718,0.1,0.744270205066345,0.2,0.0625,0.038461538461538464,0.3333333333333333,1.0,1.0
Vehicle_10,8389637,348,0.01297016861219196,0.002550058093039398,0.016666666666666666,1e-20,0.03258751992443474,1e-20,0.004613098985218946,0.8207282913165266,1e-20,1e-20,1e-20,1e-20,1e-20,0.1,0.00420013597562511,1e-20,0.01297016861219196,1.0,0.016666666666666666,0.07407407407407407,0.03258751992443474,0.1111111111111111,1.0,0.8207282913165266,0.034482758620689655,0.744270205066345,0.013157894736842105,0.06666666666666667,0.021739130434782608,0.1,1.0,0.6666666666666666
Vehicle_10,8389637,349,0.12987012987012986,0.0020269692534415724,1e-20,0.003530330118600962,0.8513274336283185,1e-20,1e-20,0.9585474366846567,1e-20,1e-20,1e-20,1e-20,1e-20,1e-20,0.003605872132551054,1e-20,0.12987012987012986,1.0,0.4,0.5,0.8513274336283185,0.2,0.5,0.9585474366846567,0.0625,0.744270205066345,0.25,0.125,0.14285714285714285,0.16666666666666666,1.0,0.5
Vehicle_10,8389637,350,0.19047619047619047,0.0017704545340234083,1e-20,0.0015763100244252511,0.9618592351505288,1e-20,1e-20,0.9585474366846567,1e-20,1e-20,1e-20,1e-20,0.25,1e-20,1e-20,1e-20,0.19047619047619047,1.0,0.3333333333333333,1.0,0.9618592351505288,0.045454545454545456,0.07692307692307693,0.9585474366846567,0.6666666666666666,0.744270205066345,0.5,0.5,0.25,0.25,0.5,0.25
Vehicle_10,8389637,351,0.08333333333333333,1e-20,1e-20,0.0005489386347040012,0.9618592351505288,0.034482758620689655,0.041666666666666664,0.9585474366846567,1e-20,1e-20,1e-20,0.0011633470148314153,1e-20,1e-20,1e-20,0.09090909090909091,0.08333333333333333,0.3333333333333333,1.0,1.0,0.9618592351505288,0.034482758620689655,0.041666666666666664,0.9585474366846567,0.5,0.744270205066345,1.0,0.5,0.047619047619047616,1.0,0.2,0.09090909090909091
Vehicle_10,8389637,352,0.031746031746031744,1e-20,0.3333333333333333,0.3333333333333333,0.9618592351505288,0.058823529411764705,0.14285714285714285,0.9585474366846567,0.07692307692307693,1e-20,1e-20,1e-20,0.07142857142857142,0.3333333333333333,0.1111111111111111,0.058823529411764705,0.031746031746031744,1.0,0.3333333333333333,0.3333333333333333,0.9618592351505288,0.058823529411764705,0.14285714285714285,0.9585474366846567,0.07692307692307693,0.744270205066345,0.5,0.3333333333333333,0.07142857142857142,0.3333333333333333,0.1111111111111111,0.058823529411764705
Vehicle_10,8389637,353,0.06372549019607843,1e-20,1e-20,1e-20,0.9618592351505288,0.06666666666666667,0.1,0.9585474366846567,1e-20,1e-20,1e-20,0.0006849142598141666,1e-20,1e-20,1e-20,1e-20,0.06372549019607843,0.14285714285714285,0.2,0.3333333333333333,0.9618592351505288,0.06666666666666667,0.1,0.9585474366846567,0.038461538461538464,0.744270205066345,0.5,0.25,0.11764705882352941,0.25,0.041666666666666664,0.038461538461538464
Vehicle_10,8389637,354,0.07017543859649122,1e-20,1e-20,1e-20,0.9618592351505288,1e-20,1e-20,0.9585474366846567,0.05263157894736842,1e-20,1e-20,1e-20,1e-20,0.0005539747689673407,1e-20,0.03333333333333333,0.07017543859649122,0.09090909090909091,0.3333333333333333,0.3333333333333333,0.9618592351505288,0.09090909090909091,0.3333333333333333,0.9585474366846567,0.05263157894736842,0.744270205066345,0.5,1.0,0.09090909090909091,1.0,0.0625,0.03333333333333333
Vehicle_10,8389637,355,0.13440860215053763,1e-20,1e-20,1e-20,0.9618592351505288,1e-20,1e-20,0.04145256331534326,0.047619047619047616,1e-20,1e-20,0.0006043361116007353,1e-20,1e-20,0.05555555555555555,0.029411764705882353,0.13440860215053763,1.0,0.125,0.25,0.9618592351505288,0.2,0.5,0.04145256331534326,0.047619047619047616,0.744270205066345,0.2,0.3333333333333333,0.2,0.5,0.05555555555555555,0.029411764705882353
Vehicle_10,8389637,356,0.06521739130434782,1e-20,1e-20,1e-20,0.9618592351505288,1e-20,1e-20,0.8008934269304403,0.07142857142857142,1e-20,1e-20,1e-20,1e-20,0.00021151763906025734,1e-20,0.019801980198019802,0.06521739130434782,0.5,0.2,0.3333333333333333,0.9618592351505288,0.03278688524590164,0.16666666666666666,0.8008934269304403,0.07142857142857142,0.744270205066345,1.0,0.3333333333333333,0.014705882352941176,1.0,0.09090909090909091,0.019801980198019802
Vehicle_10,8389637,357,0.14285714285714285,1e-20,0.041666666666666664,0.08333333333333333,0.9618592351505288,0.125,1e-20,0.9613603654339529,0.058823529411764705,1e-20,1e-20,1e-20,1e-20,0.00031224032432704653,0.034482758620689655,0.0625,0.14285714285714285,0.16666666666666666,0.041666666666666664,0.08333333333333333,0.9618592351505288,0.125,0.5,0.9613603654339529,0.058823529411764705,0.744270205066345,1.0,1.0,0.018518518518518517,1.0,0.034482758620689655,0.0625
Vehicle_10,8389637,358,0.06417112299465241,1e-20,1e-20,1e-20,0.9618592351505288,0.0625,1e-20,0.9613603654339529,0.2,1e-20,1e-20,1e-20,1e-20,0.00031224032432704653,1e-20,0.01694915254237288,0.06417112299465241,0.3333333333333333,0.05555555555555555,0.1111111111111111,0.9618592351505288,0.0625,0.3333333333333333,0.9613603654339529,0.2,0.744270205066345,0.5,1.0,0.03225806451612903,0.5,0.030612244897959183,0.01694915254237288
Vehicle_10,8389637,359,0.046511627906976744,0.03571428571428571,1e-20,1e-20,0.9618592351505288,0.015384615384615385,0.037037037037037035,0.9613603654339529,0.16666666666666666,1e-20,1e-20,1e-20,1e-20,1e-20,0.02857142857142857,0.03,0.046511627906976744,0.03571428571428571,0.3333333333333333,1.0,0.9618592351505288,0.015384615384615385,0.037037037037037035,0.9613603654339529,0.16666666666666666,0.744270205066345,0.5,1.0,0.07142857142857142,0.5,0.02857142857142857,0.03
Vehicle_10,8389637,360,0.07317073170731707,1e-20,1e-20,1e-20,0.9618592351505288,0.043478260869565216,1e-20,0.9613603654339529,1e-20,1e-20,1e-20,0.25,1e-20,1e-20,1e-20,0.034482758620689655,0.07317073170731707,0.1,0.25,0.5,0.9618592351505288,0.043478260869565216,0.1111111111111111,0.9613603654339529,0.07142857142857142,0.744270205066345,0.3333333333333333,0.25,0.125,1.0,0.043478260869565216,0.034482758620689655
Vehicle_10,8389637,361,0.11666666666666667,0.1111111111111111,1e-20,1e-20,0.9618592351505288,1e-20,1e-20,0.9613603654339529,1e-20,1e-20,1e-20,1e-20,1e-20,1e-20,0.15384615384615385,0.05263157894736842,0.11666666666666667,0.1111111111111111,0.16666666666666666,0.3333333333333333,0.9618592351505288,0.14285714285714285,0.16666666666666666,0.9613603654339529,0.2,0.744270205066345,1.0,0.5,0.125,1.0,0.15384615384615385,0.05263157894736842
Vehicle_10,8389637,362,0.14925373134328357,1e-20,1e-20,1e-20,0.9618592351505288,0.11764705882352941,0.25,0.9613603654339529,1e-20,1e-20,1e-20,0.00044317981517387256,1e-20,1e-20,0.18181818181818182,0.10526315789473684,0.14925373134328357,0.2,0.16666666666666666,0.25,0.9618592351505288,0.11764705882352941,0.25,0.9613603654339529,0.25,0.744270205066345,1.0,0.5,0.25,1.0,0.18181818181818182,0.10526315789473684
Vehicle_10,8389637,363,0.16744186046511628,1e-20,1e-20,1e-20,0.9618592351505288,1e-20,1e-20,0.9613603654339529,0.0625,1e-20,1e-20,1e-20,1e-20,0.0008108176163976532,1e-20,1e-20,0.16744186046511628,0.3333333333333333,0.045454545454545456,0.07692307692307693,0.9618592351505288,0.04,0.1111111111111111,0.9613603654339529,0.0625,0.744270205066345,0.3333333333333333,1.0,0.3333333333333333,0.5,0.09090909090909091,0.043478260869565216
Vehicle_10,8389637,364,0.20670391061452514,0.025,1e-20,1e-20,0.9618592351505288,1e-20,1e-20,0.9613603654339529,1e-20,1e-20,1e-20,0.00042807141238385414,1e-20,0.0002064815047969179,1e-20,1e-20,0.20670391061452514,0.025,0.037037037037037035,0.07142857142857142,0.9618592351505288,0.058823529411764705,0.1,0.9613603654339529,0.125,0.744270205066345,0.2,1.0,0.25,1.0,0.045454545454545456,0.02040816326530612
Vehicle_10,8389637,365,0.06382978723404255,1e-20,1e-20,1e-20,0.9618592351505288,0.3333333333333333,1.0,0.9613603654339529,0.043478260869565216,1e-20,0.0012439251630448468,1e-20,0.058823529411764705,0.0003676378012237806,1e-20,1e-20,0.06382978723404255,0.08333333333333333,0.3333333333333333,0.3333333333333333,0.9618592351505288,0.3333333333333333,1.0,0.9613603654339529,0.043478260869565216,0.744270205066345,1.0,1.0,0.058823529411764705,1.0,0.25,0.16666666666666666
Vehicle_10,8389637,366,0.015151515151515152,0.5,0.25,1e-20,0.9618592351505288,0.16666666666666666,1e-20,0.9613603654339529,1e-20,1e-20,1e-20,0.0002669151159569914,1e-20,1e-20,1e-20,1e-20,0.015151515151515152,0.5,0.25,0.5,0.9618592351505288,0.16666666666666666,0.5,0.9613603654339529,0.1111111111111111,0.744270205066345,1.0,0.3333333333333333,0.08333333333333333,1.0,0.058823529411764705,0.05
Vehicle_10,8389637,367,0.13953488372093023,0.16666666666666666,1e-20,1e-20,0.9618592351505288,1e-20,1e-20,0.9613603654339529,1e-20,1e-20,0.0008158537506609926,0.0003223125928537255,0.043478260869565216,0.00014604789363684435,0.125,0.0625,0.13953488372093023,0.16666666666666666,0.5,1.0,0.9618592351505288,0.07692307692307693,0.5,0.9613603654339529,0.2,0.744270205066345,1.0,1.0,0.043478260869565216,1.0,0.125,0.0625
Vehicle_10,8389637,368,0.10256410256410256,1e-20,0.0007906730793442953,0.0003877823382771385,0.9618592351505288,1e-20,1e-20,0.9613603654339529,1e-20,1e-20,1e-20,0.0002820235187470098,1e-20,9.568655100344974e-05,0.16666666666666666,0.20714285714285716,0.10256410256410256,0.3333333333333333,1.0,1.0,0.9618592351505288,0.13333333333333333,0.25,0.9613603654339529,0.5,0.744270205066345,0.5,1.0,0.06451612903225806,1.0,0.16666666666666666,0.20714285714285716
Vehicle_10,8389637,369,0.014925373134328358,0.041666666666666664,1e-20,1e-20,0.9618592351505288,0.15827338129496402,0.20634920634920634,0.9613603654339529,1e-20,1e-20,1e-20,0.000579155440284038,0.044444444444444446,0.00042807141238385414,0.12105263157894737,0.13733905579399142,0.014925373134328358,0.041666666666666664,0.3333333333333333,1.0,0.9618592351505288,0.15827338129496402,0.20634920634920634,0.9613603654339529,0.2,0.744270205066345,1.0,1.0,0.044444444444444446,1.0,0.12105263157894737,0.13733905579399142
Vehicle_10,8389637,370,0.08333333333333333,0.13636363636363635,1e-20,1e-20,0.9618592351505288,0.011111111111111112,1e-20,0.9613603654339529,0.0024777780575630146,1e-20,0.0012288167602548285,1e-20,1e-20,0.0002568428474303125,0.017699115044247787,0.02181818181818182,0.08333333333333333,0.13636363636363635,0.2,1.0,0.9618592351505288,0.011111111111111112,0.023809523809523808,0.9613603654339529,0.3333333333333333,0.744270205066345,1.0,1.0,0.025,1.0,0.017699115044247787,0.02181818181818182
Vehicle_10,8389637,371,0.10714285714285714,1e-20,1e-20,1e-20,0.9618592351505288,1e-20,1e-20,0.03863963456604718,1e-20,1e-20,1e-20,1e-20,1e-20,0.0006144083801274142,1e-20,0.14782608695652175,0.10714285714285714,0.030303030303030304,0.5,0.5,0.9618592351505288,0.07142857142857142,0.09090909090909091,0.03863963456604718,0.125,0.744270205066345,0.25,1.0,0.018867924528301886,0.5,0.022222222222222223,0.14782608695652175
Vehicle_10,8389637,372,0.15151515151515152,1e-20,1e-20,1e-20,0.9618592351505288,0.022727272727272728,1e-20,0.8207282913165266,0.3333333333333333,1e-20,1e-20,1e-20,1e-20,0.0008007453478709743,1e-20,0.005952380952380952,0.15151515151515152,0.5,0.2,0.3333333333333333,0.9618592351505288,0.022727272727272728,0.2,0.8207282913165266,0.3333333333333333,0.744270205066345,0.25,1.0,0.04,1.0,0.1,0.005952380952380952
Vehicle_10,8389637,373,0.16964285714285715,1e-20,1e-20,1e-20,0.9618592351505288,1e-20,1e-20,0.9585474366846567,1e-20,1e-20,1e-20,1e-20,1e-20,1e-20,1e-20,1e-20,0.16964285714285715,1.0,0.125,0.25,0.9618592351505288,0.14285714285714285,0.25,0.9585474366846567,0.07692307692307693,0.744270205066345,0.14285714285714285,0.5,0.125,0.16666666666666666,0.16666666666666666,0.07692307692307693
Vehicle_10,8389637,374,0.1875,1e-20,1e-20,1e-20,0.9618592351505288,1e-20,1e-20,0.9585474366846567,1e-20,1e-20,1e-20,1e-20,1e-20,1e-20,1e-20,1e-20,0.1875,0.5,0.25,1.0,0.9618592351505288,0.1111111111111111,0.16666666666666666,0.9585474366846567,0.09090909090909091,0.744270205066345,0.2,1.0,0.14285714285714285,1.0,0.25,0.14285714285714285
Vehicle_10,8389637,375,0.06870229007633588,0.0023941373812362,0.005031098129076121,0.0028403797245234556,0.03814076484947111,0.023809523809523808,1e-20,0.9585474366846567,1e-20,1e-20,0.009508221489184902,1e-20,1e-20,1e-20,1e-20,0.25,0.06870229007633588,1.0,0.5,1.0,0.03814076484947111,0.023809523809523808,0.08333333333333333,0.9585474366846567,0.14285714285714285,0.744270205066345,1.0,1.0,0.041666666666666664,0.3333333333333333,0.5,0.25
Vehicle_10,8389637,376,0.039473684210526314,0.0026154441979891257,0.004930375443809332,0.0027094402336766297,0.8374371859296482,1e-20,1e-20,0.9585474366846567,1e-20,1e-20,1e-20,1e-20,1e-20,1e-20,0.0054390250044066175,1e-20,0.039473684210526314,1.0,0.03571428571428571,1.0,0.8374371859296482,0.007936507936507936,0.019230769230769232,0.9585474366846567,0.03333333333333333,0.744270205066345,0.06666666666666667,0.1111111111111111,0.05555555555555555,0.125,1.0,0.058823529411764705
Vehicle_10,8389637,377,0.05660377358490566,0.0028820183181687865,0.0029914637524236396,0.0015360209503185356,0.9674124800755652,1e-20,1e-20,0.9585474366846567,1e-20,1e-20,0.0016317075013219853,1e-20,1e-20,0.0005439025004406618,1e-20,1e-20,0.05660377358490566,1.0,1.0,0.5,0.9674124800755652,0.14285714285714285,0.2,0.9585474366846567,0.3333333333333333,0.744270205066345,0.1,0.3333333333333333,0.15384615384615385,0.5,1.0,0.5
Vehicle_10,8389637,378,0.13829787234042554,0.0026405926998928674,1e-20,1e-20,0.9674124800755652,1e-20,1e-20,0.9585474366846567,1e-20,1e-20,1e-20,1e-20,1e-20,0.0002417344446402941,0.25,0.1111111111111111,0.13829787234042554,1.0,0.25,0.3333333333333333,0.9674124800755652,0.125,0.3333333333333333,0.9585474366846567,1.0,0.744270205066345,1.0,1.0,0.08,1.0,0.25,0.1111111111111111
Vehicle_10,8389637,379,0.020833333333333332,1e-20,0.0005992999773373958,0.0003323848613804044,0.9674124800755652,0.1566265060240964,0.15384615384615385,0.9585474366846567,0.0019187671543323345,1e-20,1e-20,0.0006043361116007353,0.023255813953488372,1e-20,0.06818181818181818,0.07692307692307693,0.020833333333333332,0.3333333333333333,1.0,1.0,0.9674124800755652,0.1566265060240964,0.15384615384615385,0.9585474366846567,1.0,0.744270205066345,0.5,1.0,0.023255813953488372,1.0,0.06818181818181818,0.07692307692307693
Vehicle_10,8389637,380,1e-20,0.1111111111111111,1e-20,0.00046836048649056986,0.9674124800755652,0.006535947712418301,0.012345679012345678,0.9585474366846567,1e-20,1e-20,1e-20,1e-20,0.07792207792207792,0.00021151763906025734,0.08974358974358974,0.08139534883720931,0.01818181818181818,0.1111111111111111,0.5,0.5,0.9674124800755652,0.006535947712418301,0.012345679012345678,0.9585474366846567,0.25,0.744270205066345,0.3333333333333333,0.3333333333333333,0.07792207792207792,1.0,0.08974358974358974,0.08139534883720931
Vehicle_10,8389637,381,1e-20,0.07272727272727272,1e-20,1e-20,0.9674124800755652,0.07407407407407407,0.1,0.9585474366846567,1e-20,1e-20,1e-20,1e-20,0.04081632653061224,0.00037771006975045955,0.18055555555555555,0.1694915254237288,0.025,0.07272727272727272,0.16666666666666666,0.5,0.9674124800755652,0.07407407407407407,0.1,0.9585474366846567,0.1111111111111111,0.744270205066345,1.0,0.3333333333333333,0.04081632653061224,0.5,0.18055555555555555,0.1694915254237288
Vehicle_10,8389637,382,1e-20,0.16,0.1,0.16666666666666666,0.9674124800755652,0.21666666666666667,0.25806451612903225,0.9585474366846567,0.07142857142857142,1e-20,1e-20,1e-20,0.03333333333333333,0.00022662604185027572,0.16822429906542055,0.18773946360153257,0.034482758620689655,0.16,0.1,0.16666666666666666,0.9674124800755652,0.21666666666666667,0.25806451612903225,0.9585474366846567,0.07142857142857142,0.744270205066345,1.0,1.0,0.03333333333333333,1.0,0.16822429906542055,0.18773946360153257
Vehicle_10,8389637,383,0.0967741935483871,0.08108108108108109,0.14285714285714285,1e-20,0.9674124800755652,0.022727272727272728,1e-20,0.9585474366846567,0.07692307692307693,1e-20,0.0009014680331377635,1e-20,1e-20,6.043361116007352e-05,0.061068702290076333,0.09415584415584416,0.0967741935483871,0.08108108108108109,0.14285714285714285,1.0,0.9674124800755652,0.022727272727272728,0.024390243902439025,0.9585474366846567,0.07692307692307693,0.744270205066345,0.3333333333333333,0.5,0.044444444444444446,1.0,0.061068702290076333,0.09415584415584416
Vehicle_10,8389637,384,0.06382978723404255,0.04081632653061224,1e-20,1e-20,0.9674124800755652,0.23809523809523808,0.3333333333333333,0.9585474366846567,1e-20,1e-20,0.0009870823156145343,0.0003626016669604412,0.08333333333333333,0.0002417344446402941,0.15384615384615385,0.15577889447236182,0.06382978723404255,0.04081632653061224,0.034482758620689655,0.06666666666666667,0.9674124800755652,0.23809523809523808,0.3333333333333333,0.9585474366846567,0.125,0.744270205066345,0.5,0.5,0.08333333333333333,1.0,0.15384615384615385,0.15577889447236182
Vehicle_10,8389637,385,0.052980132450331126,0.22857142857142856,1e-20,1e-20,0.9674124800755652,0.07627118644067797,0.046875,0.9585474366846567,1e-20,1e-20,1e-20,0.0003323848613804044,0.027777777777777776,0.00028705965301034924,0.027777777777777776,0.0528169014084507,0.052980132450331126,0.22857142857142856,0.16666666666666666,0.2,0.9674124800755652,0.07627118644067797,0.046875,0.9585474366846567,0.5,0.744270205066345,1.0,0.5,0.027777777777777776,1.0,0.027777777777777776,0.0528169014084507
Vehicle_10,8389637,386,0.15625,0.20512820512820512,0.14285714285714285,0.3333333333333333,0.9674124800755652,0.046875,0.06896551724137931,0.9585474366846567,1e-20,1e-20,1e-20,1e-20,0.06896551724137931,0.0002064815047969179,0.08333333333333333,0.09554140127388536,0.15625,0.20512820512820512,0.14285714285714285,0.3333333333333333,0.9674124800755652,0.046875,0.06896551724137931,0.9585474366846567,0.07142857142857142,0.744270205066345,0.5,1.0,0.06896551724137931,1.0,0.08333333333333333,0.09554140127388536
Vehicle_10,8389637,387,0.1005586592178771,0.18181818181818182,1e-20,1e-20,0.9674124800755652,0.08461538461538462,0.057971014492753624,0.9585474366846567,1e-20,1e-20,1e-20,1e-20,0.06060606060606061,0.0005590109032306801,0.0962962962962963,0.11733333333333333,0.1005586592178771,0.18181818181818182,0.3333333333333333,0.3333333333333333,0.9674124800755652,0.08461538461538462,0.057971014492753624,0.9585474366846567,0.14285714285714285,0.744270205066345,1.0,1.0,0.06060606060606061,1.0,0.0962962962962963,0.11733333333333333
Vehicle_10,8389637,388,0.14634146341463414,0.05405405405405406,1e-20,1e-20,0.9674124800755652,0.1926605504587156,0.22413793103448276,0.9585474366846567,1e-20,1e-20,0.0006849142598141666,0.00031224032432704653,1e-20,0.00012590335658348652,0.14388489208633093,0.14285714285714285,0.14634146341463414,0.05405405405405406,0.058823529411764705,0.2,0.9674124800755652,0.1926605504587156,0.22413793103448276,0.9585474366846567,0.1,0.744270205066345,0.25,1.0,0.06451612903225806,1.0,0.14388489208633093,0.14285714285714285
Vehicle_10,8389637,389,0.026595744680851064,0.11363636363636363,1e-20,1e-20,0.9674124800755652,0.018518518518518517,0.01639344262295082,0.9585474366846567,1e-20,1e-20,1e-20,0.00044317981517387256,1e-20,0.0002669151159569914,0.12878787878787878,0.15488215488215487,0.026595744680851064,0.11363636363636363,0.16666666666666666,0.3333333333333333,0.9674124800755652,0.018518518518518517,0.01639344262295082,0.9585474366846567,0.14285714285714285,0.744270205066345,1.0,1.0,0.2,0.5,0.12878787878787878,0.15488215488215487
Vehicle_10,8389637,390,0.011235955056179775,0.037037037037037035,1e-20,1e-20,0.9674124800755652,0.01818181818181818,1e-20,0.9585474366846567,0.0025633923400397857,1e-20,0.0013748646538916727,1e-20,1e-20,0.00042807141238385414,0.027777777777777776,0.04980842911877394,0.011235955056179775,0.037037037037037035,0.5,1.0,0.9674124800755652,0.01818181818181818,0.045454545454545456,0.9585474366846567,0.5,0.744270205066345,1.0,1.0,0.058823529411764705,1.0,0.027777777777777776,0.04980842911877394
Vehicle_10,8389637,391,0.07407407407407407,0.037037037037037035,1e-20,1e-20,0.9674124800755652,0.09090909090909091,0.09090909090909091,0.9585474366846567,1e-20,1e-20,1e-20,0.000634552917180772,1e-20,0.0005590109032306801,0.075,0.03361344537815126,0.07407407407407407,0.037037037037037035,0.125,0.25,0.9674124800755652,0.09090909090909091,0.09090909090909091,0.9585474366846567,0.3333333333333333,0.744270205066345,1.0,0.5,0.047619047619047616,1.0,0.075,0.03361344537815126
Vehicle_10,8389637,392,0.03333333333333333,0.1,0.08333333333333333,0.125,0.9674124800755652,0.06666666666666667,1e-20,0.04145256331534326,1e-20,1e-20,1e-20,1e-20,1e-20,1e-20,1e-20,0.03571428571428571,0.03333333333333333,0.1,0.08333333333333333,0.125,0.9674124800755652,0.06666666666666667,0.2,0.04145256331534326,0.07142857142857142,0.744270205066345,0.4,0.5,0.02857142857142857,1.0,0.037037037037037035,0.03571428571428571
Vehicle_10,8389637,393,0.010638297872340425,1e-20,0.2,0.25,0.9674124800755652,0.06060606060606061,0.4,0.8008934269304403,1e-20,1e-20,1e-20,0.0012489612973081861,1e-20,1e-20,1e-20,1e-20,0.010638297872340425,0.25,0.2,0.25,0.9674124800755652,0.06060606060606061,0.4,0.8008934269304403,0.2,0.744270205066345,0.2,0.3333333333333333,0.038461538461538464,1.0,0.16666666666666666,0.07894736842105263
Vehicle_10,8389637,394,0.0547945205479452,0.5,1e-20,1e-20,0.9674124800755652,1e-20,1e-20,0.9613603654339529,1e-20,1e-20,1e-20,1e-20,0.06666666666666667,1e-20,1e-20,0.05555555555555555,0.0547945205479452,0.5,0.09090909090909091,0.125,0.9674124800755652,0.05263157894736842,0.16666666666666666,0.9613603654339529,0.045454545454545456,0.744270205066345,0.3333333333333333,0.3333333333333333,0.06666666666666667,1.0,0.16666666666666666,0.05555555555555555
Vehicle_10,8389637,395,0.05333333333333334,1e-20,0.1111111111111111,0.14285714285714285,0.9674124800755652,1e-20,1e-20,0.9613603654339529,1e-20,1e-20,1e-20,1e-20,1e-20,1e-20,0.10526315789473684,0.09183673469387756,0.05333333333333334,0.16666666666666666,0.1111111111111111,0.14285714285714285,0.9674124800755652,0.19230769230769232,0.2,0.9613603654339529,0.2,0.744270205066345,0.3333333333333333,0.25,0.08333333333333333,0.3333333333333333,0.10526315789473684,0.09183673469387756
Vehicle_10,8389637,396,0.06944444444444445,0.20238095238095238,1e-20,1e-20,0.9674124800755652,0.0379746835443038,0.023529411764705882,0.9613603654339529,1e-20,1e-20,1e-20,0.00030216805580036765,0.043478260869565216,0.0001410117593735049,0.2186046511627907,0.19273743016759776,0.06944444444444445,0.20238095238095238,0.16666666666666666,0.2,0.9674124800755652,0.0379746835443038,0.023529411764705882,0.9613603654339529,0.125,0.744270205066345,1.0,0.5,0.043478260869565216,1.0,0.2186046511627907,0.19273743016759776
Vehicle_10,8389637,397,0.10833333333333334,0.27884615384615385,1e-20,1e-20,0.9674124800755652,0.06451612903225806,0.15384615384615385,0.9613603654339529,1e-20,1e-20,1e-20,1e-20,0.0625,1e-20,0.2186046511627907,0.19273743016759776,0.10833333333333334,0.27884615384615385,0.15384615384615385,0.2,0.9674124800755652,0.06451612903225806,0.15384615384615385,0.9613603654339529,0.25,0.744270205066345,1.0,1.0,0.0625,1.0,0.2186046511627907,0.19273743016759776
Vehicle_10,8389637,398,0.0196078431372549,0.27884615384615385,1e-20,1e-20,0.9674124800755652,0.03508771929824561,0.03571428571428571,0.9613603654339529,1e-20,1e-20,1e-20,0.0008259260191876716,0.03225806451612903,1.0,0.03255813953488372,0.0446927374301676,0.0196078431372549,0.27884615384615385,0.125,0.2,0.9674124800755652,0.03508771929824561,0.03571428571428571,0.9613603654339529,0.1,0.744270205066345,1.0,1.0,0.03225806451612903,1.0,0.03255813953488372,0.0446927374301676
Vehicle_10,8389637,399,0.02564102564102564,1e-20,1e-20,1e-20,0.9674124800755652,0.014925373134328358,1e-20,0.9613603654339529,1e-20,1e-20,1e-20,0.0015561654873718933,0.025,1e-20,1e-20,1e-20,0.02564102564102564,0.009615384615384616,0.25,0.5,0.9674124800755652,0.014925373134328358,0.02631578947368421,0.9613603654339529,1.0,0.744270205066345,0.5,1.0,0.025,0.3333333333333333,0.010638297872340425,0.012738853503184714
Vehicle_10,8389637,400,0.09090909090909091,1e-20,1e-20,1e-20,0.9674124800755652,1e-20,1e-20,0.9613603654339529,1e-20,1e-20,1e-20,1e-20,1e-20,1e-20,1e-20,1e-20,0.09090909090909091,0.07692307692307693,1.0,1.0,0.9674124800755652,0.08695652173913043,0.14285714285714285,0.9613603654339529,1.0,0.744270205066345,0.2,0.5,0.025,1.0,0.1111111111111111,0.05263157894736842
Vehicle_10,8389637,401,0.09210526315789473,1e-20,1e-20,1e-20,0.9674124800755652,1e-20,1e-20,0.9613603654339529,0.14285714285714285,1e-20,1e-20,1e-20,1e-20,1e-20,0.004321003197945257,1e-20,0.09210526315789473,1.0,1.0,1.0,0.9674124800755652,0.1111111111111111,0.3333333333333333,0.9613603654339529,0.14285714285714285,0.744270205066345,0.1111111111111111,0.5,0.25,1.0,0.3333333333333333,0.25
Vehicle_10,8389637,402,0.1552346570397112,1e-20,0.010258605494422481,0.0048548334298592405,0.03258751992443474,1e-20,1e-20,0.9613603654339529,1e-20,1e-20,1e-20,1e-20,1e-20,1e-20,1e-20,1e-20,0.1552346570397112,0.25,1.0,1.0,0.03258751992443474,0.011494252873563218,0.019230769230769232,0.9613603654339529,0.06666666666666667,0.744270205066345,0.2,0.5,0.1111111111111111,1.0,1.0,0.25
Vehicle_10,8389637,403,0.09310344827586207,1e-20,1e-20,0.0012288167602548285,0.8513274336283185,1e-20,1e-20,0.9613603654339529,1e-20,1e-20,1e-20,1e-20,1e-20,1e-20,1e-20,1e-20,0.09310344827586207,0.5,0.5,1.0,0.8513274336283185,0.05555555555555555,0.09090909090909091,0.9613603654339529,0.09523809523809523,0.744270205066345,1.0,0.3333333333333333,0.045454545454545456,0.5,1.0,0.16666666666666666
Vehicle_10,8389637,404,0.02972972972972973,0.0023740185797132066,0.002074887316495858,0.0009820461813511948,0.9618592351505288,1e-20,1e-20,0.9613603654339529,1e-20,1e-20,1e-20,1e-20,1e-20,1e-20,1e-20,1e-20,0.02972972972972973,1.0,1.0,1.0,0.9618592351505288,0.5,1.0,0.9613603654339529,0.5,0.744270205066345,0.3333333333333333,0.5,0.16666666666666666,0.3333333333333333,1.0,0.5
Vehicle_10,8389637,405,0.13580246913580246,0.0033648695547206253,1e-20,1e-20,0.9618592351505288,1e-20,1e-20,0.9613603654339529,1e-20,1e-20,1e-20,1e-20,0.1,1e-20,0.16666666666666666,0.05,0.13580246913580246,1.0,0.14285714285714285,0.5,0.9618592351505288,0.0625,0.25,0.9613603654339529,0.2,0.744270205066345,0.5,0.5,0.1,0.5,0.16666666666666666,0.05
Vehicle_10,8389637,406,0.1292517006802721,1e-20,0.125,1e-20,0.9618592351505288,0.1987740805604203,0.21303656597774245,0.9613603654339529,1e-20,1e-20,1e-20,0.00042807141238385414,0.06652360515021459,1e-20,0.25196850393700787,0.21140939597315436,0.1292517006802721,0.14285714285714285,0.125,0.3333333333333333,0.9618592351505288,0.1987740805604203,0.21303656597774245,0.9613603654339529,0.2,0.744270205066345,0.3333333333333333,0.3333333333333333,0.06652360515021459,1.0,0.25196850393700787,0.21140939597315436
Vehicle_10,8389637,407,0.05,0.16666666666666666,1e-20,1e-20,0.9618592351505288,0.1566156615661566,0.15863141524105753,0.9613603654339529,1e-20,1e-20,0.0009870823156145343,0.00044317981517387256,0.12757201646090535,0.0002669151159569914,0.06451612903225806,0.08284883720930232,0.05,0.16666666666666666,0.16666666666666666,0.5,0.9618592351505288,0.1566156615661566,0.15863141524105753,0.9613603654339529,0.2,0.744270205066345,1.0,1.0,0.12757201646090535,1.0,0.06451612903225806,0.08284883720930232
Vehicle_10,8389637,408,0.010752688172043012,0.03409090909090909,1e-20,1e-20,0.9618592351505288,0.005149330587023687,0.0036496350364963502,0.9613603654339529,1e-20,1e-20,1e-20,1e-20,0.003115264797507788,1e-20,0.008849557522123894,0.040145985401459854,0.010752688172043012,0.03409090909090909,0.14285714285714285,0.16666666666666666,0.9618592351505288,0.005149330587023687,0.0036496350364963502,0.9613603654339529,0.047619047619047616,0.744270205066345,1.0,1.0,0.003115264797507788,1.0,0.008849557522123894,0.040145985401459854
Vehicle_10,8389637,409,0.007518796992481203,0.05,1e-20,1e-20,0.9618592351505288,0.07792207792207792,0.0967741935483871,0.9613603654339529,1e-20,1e-20,1e-20,1e-20,1e-20,0.00012086722232014704,0.15254237288135594,0.12751677852348994,0.007518796992481203,0.05,0.25,0.5,0.9618592351505288,0.07792207792207792,0.0967741935483871,0.9613603654339529,0.5,0.744270205066345,1.0,0.5,0.047619047619047616,1.0,0.15254237288135594,0.12751677852348994
Vehicle_10,8389637,410,1e-20,0.13333333333333333,0.14285714285714285,1e-20,0.9618592351505288,0.047058823529411764,0.02702702702702703,0.9613603654339529,1e-20,1e-20,0.3333333333333333,0.0006849142598141666,0.025,0.0005539747689673407,0.11494252873563218,0.11616161616161616,0.07142857142857142,0.13333333333333333,0.14285714285714285,0.3333333333333333,0.9618592351505288,0.047058823529411764,0.02702702702702703,0.9613603654339529,0.1111111111111111,0.744270205066345,0.3333333333333333,0.5,0.025,1.0,0.11494252873563218,0.11616161616161616
Vehicle_10,8389637,411,0.11864406779661017,0.04,0.25,0.6666666666666666,0.9618592351505288,0.08602150537634409,0.10638297872340426,0.9613603654339529,0.1111111111111111,1e-20,1e-20,0.0003626016669604412,0.0125,0.0002417344446402941,0.20909090909090908,0.19157088122605365,0.11864406779661017,0.04,0.25,0.6666666666666666,0.9618592351505288,0.08602150537634409,0.10638297872340426,0.9613603654339529,0.1111111111111111,0.744270205066345,1.0,1.0,0.0125,1.0,0.20909090909090908,0.19157088122605365
Vehicle_10,8389637,412,0.08484848484848485,0.17391304347826086,1e-20,1e-20,0.9618592351505288,0.013513513513513514,0.012121212121212121,0.9613603654339529,1e-20,1e-20,4.028907410671568e-05,1e-20,1e-20,1e-20,0.06818181818181818,0.07073170731707316,0.08484848484848485,0.17391304347826086,0.2857142857142857,0.6666666666666666,0.9618592351505288,0.013513513513513514,0.012121212121212121,0.9613603654339529,0.3333333333333333,0.744270205066345,0.3333333333333333,1.0,0.008064516129032258,1.0,0.06818181818181818,0.07073170731707316
Vehicle_10,8389637,413,0.19021739130434784,0.02,1e-20,1e-20,0.9618592351505288,0.07407407407407407,0.07894736842105263,0.9613603654339529,1e-20,1e-20,0.0006849142598141666,0.0002669151159569914,1e-20,6.546974542341297e-05,0.1095890410958904,0.10650887573964497,0.19021739130434784,0.02,0.25,0.2,0.9618592351505288,0.07407407407407407,0.07894736842105263,0.9613603654339529,0.18181818181818182,0.744270205066345,1.0,1.0,0.1111111111111111,1.0,0.1095890410958904,0.10650887573964497
Vehicle_10,8389637,414,0.08152173913043478,1e-20,0.09090909090909091,1e-20,0.9618592351505288,0.061224489795918366,0.06976744186046512,0.9613603654339529,1e-20,1e-20,1e-20,0.00044317981517387256,1e-20,0.0002669151159569914,0.23148148148148148,0.1946564885496183,0.08152173913043478,0.1111111111111111,0.09090909090909091,0.16666666666666666,0.9618592351505288,0.061224489795918366,0.06976744186046512,0.9613603654339529,0.14285714285714285,0.744270205066345,1.0,1.0,0.05263157894736842,1.0,0.23148148148148148,0.1946564885496183
Vehicle_10,8389637,415,0.13333333333333333,0.10256410256410256,1e-20,1e-20,0.9618592351505288,0.061855670103092786,0.08163265306122448,0.9613603654339529,1e-20,1e-20,0.00032734872711706495,0.00015612016216352327,1e-20,5.539747689673406e-05,0.06280193236714976,0.06263498920086392,0.13333333333333333,0.10256410256410256,0.18181818181818182,0.16666666666666666,0.9618592351505288,0.061855670103092786,0.08163265306122448,0.9613603654339529,0.2,0.744270205066345,1.0,1.0,0.0196078431372549,1.0,0.06280193236714976,0.06263498920086392
Vehicle_10,8389637,416,0.006993006993006993,0.08,0.0003575655326971017,0.0001410117593735049,0.9618592351505288,0.16666666666666666,0.15151515151515152,0.9613603654339529,1e-20,1e-20,0.0005287940976506434,0.00030216805580036765,0.061224489795918366,0.0001007226852667892,0.19753086419753085,0.1891891891891892,0.006993006993006993,0.08,1.0,1.0,0.9618592351505288,0.16666666666666666,0.15151515151515152,0.9613603654339529,1.0,0.744270205066345,1.0,1.0,0.061224489795918366,1.0,0.19753086419753085,0.1891891891891892
Vehicle_10,8389637,417,0.03571428571428571,0.09090909090909091,1e-20,1e-20,0.9618592351505288,0.02364864864864865,0.024242424242424242,0.9613603654339529,1e-20,1e-20,0.0007201671996575429,0.0001913731020068995,0.07407407407407407,5.539747689673406e-05,0.09836065573770492,0.09443099273607748,0.03571428571428571,0.09090909090909091,0.14285714285714285,1.0,0.9618592351505288,0.02364864864864865,0.024242424242424242,0.9613603654339529,0.125,0.744270205066345,1.0,1.0,0.07407407407407407,1.0,0.09836065573770492,0.09443099273607748
Vehicle_10,8389637,418,0.05,0.20512820512820512,0.0010978772694080023,0.0005439025004406618,0.9618592351505288,0.16901408450704225,0.21052631578947367,0.9613603654339529,1e-20,1e-20,1e-20,1e-20,0.06666666666666667,0.0003374209956437439,0.13513513513513514,0.12083333333333333,0.05,0.20512820512820512,1.0,1.0,0.9618592351505288,0.16901408450704225,0.21052631578947367,0.9613603654339529,1.0,0.744270205066345,0.5,1.0,0.06666666666666667,1.0,0.13513513513513514,0.12083333333333333
Vehicle_10,8389637,419,0.1,0.1282051282051282,1e-20,1e-20,0.9618592351505288,0.21893491124260356,0.23076923076923078,0.9613603654339529,1e-20,1e-20,0.0009669377785611764,0.0005187218291239645,0.024242424242424242,1e-20,0.15,0.14035087719298245,0.1,0.1282051282051282,0.3333333333333333,0.5,0.9618592351505288,0.21893491124260356,0.23076923076923078,0.9613603654339529,0.3333333333333333,0.744270205066345,1.0,1.0,0.024242424242424242,1.0,0.15,0.14035087719298245
Vehicle_10,8389637,420,0.11818181818181818,0.11428571428571428,1e-20,1e-20,0.9618592351505288,0.03614457831325301,0.03636363636363636,0.9613603654339529,0.14285714285714285,1e-20,0.0010072268526678922,0.000513685694860625,0.025210084033613446,0.0003474932641704228,0.12949640287769784,0.09846153846153846,0.11818181818181818,0.11428571428571428,0.16666666666666666,0.5,0.9618592351505288,0.03614457831325301,0.03636363636363636,0.9613603654339529,0.14285714285714285,0.744270205066345,1.0,0.5,0.025210084033613446,1.0,0.12949640287769784,0.09846153846153846
Vehicle_10,8389637,421,0.19548872180451127,0.0625,1e-20,0.0002669151159569914,0.9618592351505288,0.2,0.21621621621621623,0.9613603654339529,0.1,1e-20,1e-20,1e-20,0.016129032258064516,0.0002669151159569914,0.1590909090909091,0.13615023474178403,0.19548872180451127,0.0625,0.5,0.3333333333333333,0.9618592351505288,0.2,0.21621621621621623,0.9613603654339529,0.1,0.744270205066345,1.0,1.0,0.016129032258064516,1.0,0.1590909090909091,0.13615023474178403
Vehicle_10,8389637,422,0.08695652173913043,0.10526315789473684,1e-20,1e-20,0.9618592351505288,0.004608294930875576,1e-20,0.9613603654339529,0.047619047619047616,1e-20,1e-20,1e-20,0.02,1e-20,0.056910569105691054,0.033783783783783786,0.08695652173913043,0.10526315789473684,0.08333333333333333,0.2,0.9618592351505288,0.004608294930875576,0.00980392156862745,0.9613603654339529,0.047619047619047616,0.744270205066345,0.5,1.0,0.02,1.0,0.056910569105691054,0.033783783783783786
Vehicle_10,8389637,423,0.13368983957219252,0.03125,1e-20,1e-20,0.9618592351505288,0.05555555555555555,1e-20,0.03863963456604718,0.058823529411764705,1e-20,0.0011079495379346814,1e-20,1e-20,0.0002568428474303125,1e-20,0.17415730337078653,0.13368983957219252,0.03125,0.1111111111111111,0.5,0.9618592351505288,0.05555555555555555,0.022222222222222223,0.03863963456604718,0.058823529411764705,0.744270205066345,0.5,0.5,0.014705882352941176,1.0,0.015625,0.17415730337078653
Vehicle_10,8389637,424,0.08125,1e-20,1e-20,1e-20,0.9618592351505288,1e-20,1e-20,0.8207282913165266,0.05,1e-20,0.0008259260191876716,0.0002568428474303125,1e-20,6.043361116007352e-05,0.029411764705882353,0.006042296072507553,0.08125,0.1111111111111111,0.1111111111111111,0.16666666666666666,0.9618592351505288,0.0005861664712778429,0.5,0.8207282913165266,0.05,0.744270205066345,0.5,1.0,0.005235602094240838,0.3333333333333333,0.029411764705882353,0.006042296072507553
Vehicle_10,8389637,425,0.15833333333333333,0.0028669292170265415,0.125,1e-20,0.9618592351505288,0.07692307692307693,0.14285714285714285,0.9585474366846567,0.05263157894736842,1e-20,1e-20,1e-20,1e-20,0.0001410117593735049,1e-20,0.04878048780487805,0.15833333333333333,0.5,0.125,0.5,0.9618592351505288,0.07692307692307693,0.14285714285714285,0.9585474366846567,0.05263157894736842,0.744270205066345,1.0,1.0,0.2,1.0,0.11764705882352941,0.04878048780487805
Vehicle_10,8389637,426,0.07878787878787878,0.1111111111111111,1e-20,0.0008611789590310478,0.9618592351505288,0.058823529411764705,0.1,0.9585474366846567,1e-20,1e-20,0.0010424797925112684,0.0004230352781205147,1e-20,0.0002467705789036336,0.06779661016949153,0.05405405405405406,0.07878787878787878,0.1111111111111111,0.3333333333333333,0.25,0.9618592351505288,0.058823529411764705,0.1,0.9585474366846567,0.125,0.744270205066345,1.0,0.5,0.041666666666666664,1.0,0.06779661016949153,0.05405405405405406
Vehicle_10,8389637,427,0.030927835051546393,0.06666666666666667,1e-20,1e-20,0.9618592351505288,0.07692307692307693,0.1,0.9585474366846567,1e-20,1e-20,1e-20,1e-20,0.03125,0.0001813008334802206,0.22424242424242424,0.2313167259786477,0.030927835051546393,0.06666666666666667,0.034482758620689655,0.07142857142857142,0.9618592351505288,0.07692307692307693,0.1,0.9585474366846567,0.1,0.744270205066345,0.25,1.0,0.03125,1.0,0.22424242424242424,0.2313167259786477
Vehicle_10,8389637,428,0.16216216216216217,0.2714285714285714,1e-20,1e-20,0.9618592351505288,0.09333333333333334,0.13513513513513514,0.9585474366846567,1e-20,1e-20,1e-20,1e-20,0.04,1e-20,0.1511111111111111,0.14250614250614252,0.16216216216216217,0.2714285714285714,0.3333333333333333,0.5,0.9618592351505288,0.09333333333333334,0.13513513513513514,0.9585474366846567,0.07692307692307693,0.744270205066345,0.3333333333333333,0.3333333333333333,0.04,1.0,0.1511111111111111,0.14250614250614252
Vehicle_10,8389637,429,0.06,0.0658682634730539,1e-20,1e-20,0.9618592351505288,0.07894736842105263,0.043478260869565216,0.9585474366846567,1e-20,1e-20,0.0011532747463047365,0.0006546974542341299,1e-20,0.0004331075466471936,0.15555555555555556,0.1541095890410959,0.06,0.0658682634730539,0.14285714285714285,0.3333333333333333,0.9618592351505288,0.07894736842105263,0.043478260869565216,0.9585474366846567,0.05555555555555555,0.744270205066345,0.5,1.0,0.09090909090909091,1.0,0.15555555555555556,0.1541095890410959
Vehicle_10,8389637,430,0.038461538461538464,0.17073170731707318,1e-20,0.0007503840052375797,0.9618592351505288,0.06896551724137931,0.0625,0.9585474366846567,1e-20,1e-20,0.0008863596303477451,0.00042807141238385414,0.08333333333333333,0.00019640923627023895,0.15819209039548024,0.14864864864864866,0.038461538461538464,0.17073170731707318,1.0,0.5,0.9618592351505288,0.06896551724137931,0.0625,0.9585474366846567,0.3333333333333333,0.744270205066345,1.0,1.0,0.08333333333333333,1.0,0.15819209039548024,0.14864864864864866
Vehicle_10,8389637,431,0.04,0.15555555555555556,1e-20,1e-20,0.9618592351505288,0.045454545454545456,1e-20,0.9585474366846567,1e-20,1e-20,1e-20,0.00045325208370055144,0.03225806451612903,1e-20,0.11229946524064172,0.125,0.04,0.15555555555555556,0.2,0.3333333333333333,0.9618592351505288,0.045454545454545456,0.14285714285714285,0.9585474366846567,0.2,0.744270205066345,1.0,1.0,0.03225806451612903,1.0,0.11229946524064172,0.125
Vehicle_10,8389637,432,0.0625,0.25,1e-20,1e-20,0.9618592351505288,0.2169811320754717,0.2549019607843137,0.9585474366846567,1e-20,1e-20,1e-20,0.0007856369450809558,0.0425531914893617,0.0005388663661773223,0.03636363636363636,0.03731343283582089,0.0625,0.25,0.16666666666666666,0.6666666666666666,0.9618592351505288,0.2169811320754717,0.2549019607843137,0.9585474366846567,0.047619047619047616,0.744270205066345,0.3333333333333333,1.0,0.0425531914893617,0.5,0.03636363636363636,0.03731343283582089
Vehicle_10,8389637,433,0.005681818181818182,1e-20,1e-20,1e-20,0.9618592351505288,1e-20,1e-20,0.9585474366846567,1e-20,1e-20,0.0038727872485080452,0.0013396117140482965,1e-20,0.001344647848311636,1e-20,0.006289308176100629,0.005681818181818182,0.017543859649122806,0.5,0.5,0.9618592351505288,0.02040816326530612,0.03636363636363636,0.9585474366846567,0.16666666666666666,0.744270205066345,1.0,0.3333333333333333,0.024390243902439025,1.0,0.014492753623188406,0.006289308176100629
Vehicle_10,8389637,434,0.020833333333333332,1e-20,1e-20,0.004638279656535643,0.9618592351505288,1e-20,1e-20,0.9585474366846567,1e-20,1e-20,1e-20,1e-20,1e-20,1e-20,1e-20,1e-20,0.020833333333333332,0.1111111111111111,1.0,1.0,0.9618592351505288,0.09090909090909091,0.3333333333333333,0.9585474366846567,0.14285714285714285,0.744270205066345,0.3333333333333333,0.25,0.08333333333333333,1.0,0.3333333333333333,0.09090909090909091
Vehicle_10,8389637,435,0.09448818897637795,0.0021275632610565386,0.006753456047138217,0.004094377156094981,0.03814076484947111,1e-20,1e-20,0.9585474366846567,1e-20,1e-20,0.014599753229421097,1e-20,1e-20,1e-20,1e-20,1e-20,0.09448818897637795,0.5,1.0,1.0,0.03814076484947111,0.2,0.5,0.9585474366846567,0.5,0.744270205066345,0.5,0.2,0.16666666666666666,0.3333333333333333,0.25,0.2
Vehicle_10,8389637,436,0.04979253112033195,1e-20,1e-20,1e-20,0.8374371859296482,1e-20,1e-20,0.9585474366846567,1e-20,1e-20,1e-20,1e-20,0.11764705882352941,1e-20,1e-20,1e-20,0.04979253112033195,1.0,1.0,1.0,0.8374371859296482,0.03225806451612903,0.09090909090909091,0.9585474366846567,0.041666666666666664,0.744270205066345,0.0136986301369863,0.14285714285714285,0.11764705882352941,0.14285714285714285,0.3333333333333333,0.034482758620689655
Vehicle_10,8389637,437,0.026845637583892617,1e-20,1e-20,1e-20,0.9674124800755652,0.09090909090909091,1e-20,0.9585474366846567,1e-20,1e-20,0.0011079495379346814,1e-20,1e-20,0.0002064815047969179,0.006098758592904087,0.013557273436909828,0.026845637583892617,0.5,1.0,1.0,0.9674124800755652,0.09090909090909091,0.16666666666666666,0.9585474366846567,0.3333333333333333,0.744270205066345,0.5,1.0,0.047619047619047616,1.0,1.0,1.0
Vehicle_10,8389637,438,1e-20,0.002590295696085384,0.0007906730793442953,0.00040289074106715684,0.9674124800755652,0.02,0.043478260869565216,0.9585474366846567,0.0008712512275577266,1e-20,0.0008158537506609926,0.00031224032432704653,1e-20,8.561428247677081e-05,1e-20,1e-20,0.010869565217391304,1.0,1.0,1.0,0.9674124800755652,0.02,0.043478260869565216,0.9585474366846567,1.0,0.744270205066345,1.0,1.0,0.09523809523809523,1.0,0.5,0.125
Vehicle_10,8389637,439,1e-20,1e-20,0.0009115403016644424,0.00047843275501724874,0.9674124800755652,0.05555555555555555,0.05454545454545454,0.9585474366846567,0.0005187218291239645,1e-20,1e-20,0.00025180671316697305,0.02857142857142857,3.0216805580036753e-05,0.06493506493506493,0.11855670103092783,0.2,0.16666666666666666,0.5,0.5,0.9674124800755652,0.05555555555555555,0.05454545454545454,0.9585474366846567,1.0,0.744270205066345,1.0,0.5,0.02857142857142857,1.0,0.06493506493506493,0.11855670103092783
Vehicle_10,8389637,440,0.25,0.14516129032258066,1e-20,1e-20,0.9674124800755652,0.13636363636363635,0.1590909090909091,0.9585474366846567,0.0004079268753304963,1e-20,0.0004230352781205147,0.00028705965301034924,0.21739130434782608,7.050587968675244e-05,0.15294117647058825,0.17204301075268819,0.25,0.14516129032258066,1.0,1.0,0.9674124800755652,0.13636363636363635,0.1590909090909091,0.9585474366846567,1.0,0.744270205066345,1.0,1.0,0.21739130434782608,1.0,0.15294117647058825,0.17204301075268819
Vehicle_10,8389637,441,1e-20,0.1111111111111111,1e-20,1e-20,0.9674124800755652,0.034482758620689655,0.02631578947368421,0.9585474366846567,1e-20,1e-20,1e-20,1e-20,1e-20,6.043361116007352e-05,0.1111111111111111,0.15302491103202848,0.018404907975460124,0.1111111111111111,0.4,1.0,0.9674124800755652,0.034482758620689655,0.02631578947368421,0.9585474366846567,1.0,0.744270205066345,1.0,1.0,0.1,1.0,0.1111111111111111,0.15302491103202848
Vehicle_10,8389637,442,0.08333333333333333,0.296875,1e-20,1e-20,0.9674124800755652,0.08045977011494253,0.05714285714285714,0.9585474366846567,1e-20,1e-20,1e-20,1e-20,0.0625,3.525293984337622e-05,0.1956521739130435,0.18085106382978725,0.08333333333333333,0.296875,1.0,1.0,0.9674124800755652,0.08045977011494253,0.05714285714285714,0.9585474366846567,1.0,0.744270205066345,1.0,1.0,0.0625,1.0,0.1956521739130435,0.18085106382978725
Vehicle_10,8389637,443,0.24242424242424243,0.296875,1e-20,1e-20,0.9674124800755652,1e-20,1e-20,0.9585474366846567,1e-20,1e-20,0.0004582882179638909,0.0001913731020068995,0.06896551724137931,4.532520837005514e-05,0.07058823529411765,0.07885304659498207,0.24242424242424243,0.296875,0.14285714285714285,0.5,0.9674124800755652,0.015873015873015872,0.019230769230769232,0.9585474366846567,0.1,0.744270205066345,1.0,1.0,0.06896551724137931,1.0,0.07058823529411765,0.07885304659498207
Vehicle_10,8389637,444,1e-20,0.109375,0.0010223352554579106,0.0005388663661773223,0.9674124800755652,1e-20,1e-20,0.9585474366846567,0.0013295394455216177,1e-20,0.000569083171757359,0.0003223125928537255,0.07692307692307693,0.00010575881953012865,0.1527777777777778,0.1744186046511628,0.008849557522123894,0.109375,1.0,1.0,0.9674124800755652,0.16666666666666666,0.2857142857142857,0.9585474366846567,1.0,0.744270205066345,0.5,1.0,0.07692307692307693,1.0,0.1527777777777778,0.1744186046511628
Vehicle_10,8389637,445,1e-20,0.11764705882352941,1e-20,1e-20,0.9674124800755652,0.1388888888888889,0.15384615384615385,0.9585474366846567,0.0010021907184045527,1e-20,0.0005640470374940196,1e-20,1e-20,0.00012590335658348652,0.09649122807017543,0.06756756756756757,0.3333333333333333,0.11764705882352941,0.5,1.0,0.9674124800755652,0.1388888888888889,0.15384615384615385,0.9585474366846567,0.5,0.744270205066345,1.0,1.0,0.03571428571428571,1.0,0.09649122807017543,0.06756756756756757
Vehicle_10,8389637,446,0.09821428571428571,0.15384615384615385,1e-20,1e-20,0.9674124800755652,0.12173913043478261,0.09615384615384616,0.9585474366846567,1e-20,1e-20,1e-20,0.0002920957872736887,0.05405405405405406,0.00012590335658348652,0.12790697674418605,0.1330049261083744,0.09821428571428571,0.15384615384615385,0.125,0.25,0.9674124800755652,0.12173913043478261,0.09615384615384616,0.9585474366846567,0.05555555555555555,0.744270205066345,1.0,1.0,0.05405405405405406,1.0,0.12790697674418605,0.1330049261083744
Vehicle_10,8389637,447,1e-20,0.08163265306122448,1e-20,1e-20,0.9674124800755652,0.03333333333333333,0.018867924528301886,0.9585474366846567,0.0024022360436129226,1e-20,0.0015058041447384987,1e-20,1e-20,0.0005439025004406618,0.03067484662576687,0.044444444444444446,0.00819672131147541,0.08163265306122448,0.3333333333333333,1.0,0.9674124800755652,0.03333333333333333,0.018867924528301886,0.9585474366846567,0.25,0.744270205066345,1.0,1.0,0.06451612903225806,1.0,0.03067484662576687,0.044444444444444446
Vehicle_10,8389637,448,1e-20,0.11764705882352941,1.0,1.0,0.9674124800755652,0.125,0.13636363636363635,0.9585474366846567,1e-20,1e-20,1e-20,0.000579155440284038,0.043478260869565216,0.0002719512502203309,0.13157894736842105,0.10179640718562874,0.05,0.11764705882352941,1.0,1.0,0.9674124800755652,0.125,0.13636363636363635,0.9585474366846567,0.5,0.744270205066345,0.3333333333333333,1.0,0.043478260869565216,1.0,0.13157894736842105,0.10179640718562874
Vehicle_10,8389637,449,1e-20,0.12244897959183673,0.041666666666666664,1e-20,0.9674124800755652,0.03271028037383177,0.047619047619047616,0.9585474366846567,0.12,1e-20,1e-20,0.0005237579633873039,1e-20,0.0003223125928537255,0.14953271028037382,0.13026819923371646,0.08108108108108109,0.12244897959183673,0.041666666666666664,0.16666666666666666,0.9674124800755652,0.03271028037383177,0.047619047619047616,0.9585474366846567,0.12,0.744270205066345,1.0,1.0,0.09375,1.0,0.14953271028037382,0.13026819923371646
Vehicle_10,8389637,450,0.07608695652173914,0.04,1e-20,1e-20,0.9674124800755652,0.01639344262295082,0.03225806451612903,0.9585474366846567,0.12903225806451613,1e-20,1e-20,1e-20,1e-20,0.0010324075239845894,0.02040816326530612,0.00847457627118644,0.07608695652173914,0.04,0.041666666666666664,0.09090909090909091,0.9674124800755652,0.01639344262295082,0.03225806451612903,0.9585474366846567,0.12903225806451613,0.744270205066345,0.5,0.5,0.02631578947368421,1.0,0.02040816326530612,0.00847457627118644
Vehicle_10,8389637,451,0.13533834586466165,1e-20,1e-20,0.0015360209503185356,0.9674124800755652,1e-20,1e-20,0.9585474366846567,1e-20,1e-20,1e-20,2.5180671316697293e-05,1e-20,1e-20,0.125,0.05555555555555555,0.13533834586466165,0.045454545454545456,1.0,1.0,0.9674124800755652,0.05263157894736842,0.2857142857142857,0.9585474366846567,0.05,0.744270205066345,0.3333333333333333,0.16666666666666666,0.02631578947368421,1.0,0.125,0.05555555555555555
Vehicle_10,8389637,452,0.0625,1e-20,1e-20,1e-20,0.9674124800755652,0.04225352112676056,0.029411764705882353,0.9585474366846567,1e-20,1e-20,0.0015863822929519302,0.000634552917180772,0.006481504796917886,0.0005590109032306801,0.0761904761904762,0.0782608695652174,0.0625,0.2,0.25,0.5,0.9674124800755652,0.04225352112676056,0.029411764705882353,0.9585474366846567,0.1111111111111111,0.744270205066345,1.0,1.0,1.0,1.0,0.0761904761904762,0.0782608695652174
Vehicle_10,8389637,453,0.0547945205479452,0.058823529411764705,1e-20,1e-20,0.9674124800755652,0.04,1e-20,0.9585474366846567,1e-20,1e-20,0.001475587339158462,0.000579155440284038,0.005484350212776673,0.00042807141238385414,0.20481927710843373,0.17714285714285713,0.0547945205479452,0.058823529411764705,0.09090909090909091,0.5,0.9674124800755652,0.04,0.09090909090909091,0.9585474366846567,0.15384615384615385,0.744270205066345,1.0,1.0,1.0,1.0,0.20481927710843373,0.17714285714285713
Vehicle_10,8389637,454,0.045081967213114756,1e-20,1e-20,1e-20,0.9674124800755652,0.11818181818181818,0.18181818181818182,0.9585474366846567,1e-20,1e-20,1e-20,1e-20,0.037037037037037035,1e-20,0.30246913580246915,0.23511904761904762,0.045081967213114756,0.041666666666666664,0.3333333333333333,0.3333333333333333,0.9674124800755652,0.11818181818181818,0.18181818181818182,0.9585474366846567,0.15384615384615385,0.744270205066345,0.25,0.5,0.037037037037037035,0.3333333333333333,0.30246913580246915,0.23511904761904762
Vehicle_10,8389637,455,0.1103448275862069,0.1346153846153846,0.2222222222222222,1e-20,0.9674124800755652,0.0196078431372549,0.034482758620689655,0.9585474366846567,0.058823529411764705,1e-20,0.5,1e-20,0.058823529411764705,0.0002719512502203309,0.08024691358024691,0.08035714285714286,0.1103448275862069,0.1346153846153846,0.2222222222222222,0.25,0.9674124800755652,0.0196078431372549,0.034482758620689655,0.9585474366846567,0.058823529411764705,0.744270205066345,0.5,1.0,0.058823529411764705,1.0,0.08024691358024691,0.08035714285714286
Vehicle_10,8389637,456,0.14594594594594595,1e-20,1e-20,1e-20,0.9674124800755652,0.08695652173913043,0.16666666666666666,0.9585474366846567,1e-20,1e-20,1e-20,0.00045325208370055144,1e-20,1e-20,0.05263157894736842,0.056338028169014086,0.14594594594594595,0.020833333333333332,0.07692307692307693,0.16666666666666666,0.9674124800755652,0.08695652173913043,0.16666666666666666,0.9585474366846567,0.08333333333333333,0.744270205066345,0.25,1.0,0.05,1.0,0.05263157894736842,0.056338028169014086
Vehicle_10,8389637,457,0.055865921787709494,0.1111111111111111,1e-20,1e-20,0.9674124800755652,0.17142857142857143,0.15,0.9585474366846567,1e-20,1e-20,1e-20,1e-20,1e-20,0.0002719512502203309,0.15555555555555556,0.1262135922330097,0.055865921787709494,0.1111111111111111,0.25,1.0,0.9674124800755652,0.17142857142857143,0.15,0.9585474366846567,0.42857142857142855,0.744270205066345,0.5,1.0,0.1,0.5,0.15555555555555556,0.1262135922330097
Vehicle_10,8389637,458,0.13402061855670103,0.16,1e-20,1e-20,0.9674124800755652,0.05555555555555555,0.08333333333333333,0.9585474366846567,0.25,1e-20,1e-20,1e-20,1e-20,1e-20,0.06944444444444445,0.07650273224043716,0.13402061855670103,0.16,0.05,0.1,0.9674124800755652,0.05555555555555555,0.08333333333333333,0.9585474366846567,0.25,0.744270205066345,0.2,1.0,0.06666666666666667,1.0,0.06944444444444445,0.07650273224043716
Vehicle_10,8389637,459,0.09302325581395349,0.14893617021276595,0.14285714285714285,0.125,0.9674124800755652,1e-20,1e-20,0.9585474366846567,1e-20,1e-20,1e-20,0.0009115403016644424,1e-20,1e-20,0.039473684210526314,0.023952095808383235,0.09302325581395349,0.14893617021276595,0.14285714285714285,0.125,0.9674124800755652,0.045454545454545456,0.08333333333333333,0.9585474366846567,0.03225806451612903,0.744270205066345,0.2,1.0,0.0625,0.5,0.039473684210526314,0.023952095808383235
Vehicle_10,8389637,460,0.0111731843575419,1e-20,0.1111111111111111,0.1,0.9674124800755652,0.1111111111111111,0.2,0.9585474366846567,1e-20,1e-20,1e-20,0.00017626469921688112,1e-20,6.546974542341297e-05,0.04,0.05084745762711865,0.0111731843575419,0.015873015873015872,0.1111111111111111,0.1,0.9674124800755652,0.1111111111111111,0.2,0.9585474366846567,0.3333333333333333,0.744270205066345,0.5,0.5,0.058823529411764705,0.5,0.04,0.05084745762711865
Vehicle_10,8389637,461,0.13043478260869565,1e-20,0.04,1e-20,0.9674124800755652,1e-20,1e-20,0.9585474366846567,1e-20,1e-20,0.002407272177876262,0.0011633470148314153,1e-20,0.0009870823156145343,1e-20,0.058823529411764705,0.13043478260869565,0.125,0.04,0.1,0.9674124800755652,0.05,0.09090909090909091,0.9585474366846567,0.11764705882352941,0.744270205066345,1.0,1.0,0.06666666666666667,1.0,0.14285714285714285,0.058823529411764705
Vehicle_10,8389637,462,0.07027027027027027,0.09090909090909091,0.06666666666666667,0.14285714285714285,0.9674124800755652,0.16666666666666666,1e-20,0.9585474366846567,1e-20,1e-20,0.0013194671769949386,0.000513685694860625,1e-20,0.0003474932641704228,0.05,0.08823529411764706,0.07027027027027027,0.09090909090909091,0.06666666666666667,0.14285714285714285,0.9674124800755652,0.16666666666666666,0.2727272727272727,0.9585474366846567,0.15,0.744270205066345,1.0,1.0,1.0,1.0,0.05,0.08823529411764706
Vehicle_10,8389637,463,0.11049723756906077,0.08571428571428572,0.1,0.08333333333333333,0.9674124800755652,0.15384615384615385,0.09375,0.9585474366846567,1e-20,1e-20,1e-20,0.0007604562737642585,1e-20,0.0006043361116007353,0.17647058823529413,0.15412186379928317,0.11049723756906077,0.08571428571428572,0.1,0.08333333333333333,0.9674124800755652,0.15384615384615385,0.09375,0.9585474366846567,0.0625,0.744270205066345,0.5,1.0,0.07142857142857142,0.5,0.17647058823529413,0.15412186379928317
Vehicle_10,8389637,464,0.09701492537313433,0.08333333333333333,0.07142857142857142,1e-20,0.9674124800755652,0.013888888888888888,0.03333333333333333,0.9585474366846567,0.1111111111111111,1e-20,0.0016568881726386825,0.0006849142598141666,0.0967741935483871,1e-20,0.034482758620689655,0.042801556420233464,0.09701492537313433,0.08333333333333333,0.07142857142857142,0.2,0.9674124800755652,0.013888888888888888,0.03333333333333333,0.9585474366846567,0.1111111111111111,0.744270205066345,1.0,1.0,0.0967741935483871,0.3333333333333333,0.034482758620689655,0.042801556420233464
Vehicle_10,8389637,465,0.15025906735751296,1e-20,1e-20,1e-20,0.9674124800755652,0.07142857142857142,1e-20,0.9585474366846567,1e-20,1e-20,1e-20,1e-20,1e-20,0.0006144083801274142,0.05,0.09243697478991597,0.15025906735751296,0.023255813953488372,0.09090909090909091,0.2,0.9674124800755652,0.07142857142857142,0.2,0.9585474366846567,0.0625,0.744270205066345,0.2,0.5,0.030303030303030304,0.5,0.05,0.09243697478991597
Vehicle_10,8389637,466,0.015463917525773196,0.2,1e-20,1e-20,0.9674124800755652,0.05555555555555555,0.09090909090909091,0.9585474366846567,1e-20,1e-20,1e-20,1e-20,0.05555555555555555,1e-20,0.0967741935483871,0.06086956521739131,0.015463917525773196,0.2,0.16666666666666666,0.3333333333333333,0.9674124800755652,0.05555555555555555,0.09090909090909091,0.9585474366846567,0.16666666666666666,0.744270205066345,0.5,0.25,0.05555555555555555,1.0,0.0967741935483871,0.06086956521739131
Vehicle_10,8389637,467,0.010101010101010102,1e-20,1e-20,1e-20,0.9674124800755652,0.07407407407407407,0.09090909090909091,0.9585474366846567,1e-20,1e-20,1e-20,1e-20,0.011363636363636364,1e-20,0.09302325581395349,0.047619047619047616,0.010101010101010102,0.16666666666666666,0.2,0.4,0.9674124800755652,0.07407407407407407,0.09090909090909091,0.9585474366846567,0.2727272727272727,0.744270205066345,0.5,0.5,0.011363636363636364,1.0,0.09302325581395349,0.047619047619047616
Vehicle_10,8389637,468,0.07692307692307693,1e-20,0.058823529411764705,0.1,0.9674124800755652,0.02702702702702703,1e-20,0.04145256331534326,1e-20,1e-20,1e-20,1e-20,0.02564102564102564,1e-20,1e-20,0.08,0.07692307692307693,0.1,0.058823529411764705,0.1,0.9674124800755652,0.02702702702702703,0.10526315789473684,0.04145256331534326,0.14285714285714285,0.744270205066345,0.5,1.0,0.02564102564102564,0.5,0.016129032258064516,0.08
Vehicle_10,8389637,469,0.05714285714285714,1e-20,1e-20,1e-20,0.9674124800755652,0.0022471910112359553,1e-20,0.8008934269304403,1e-20,1e-20,1e-20,1e-20,1e-20,0.0006144083801274142,0.16666666666666666,0.010948905109489052,0.05714285714285714,0.16666666666666666,0.25,0.5,0.9674124800755652,0.0022471910112359553,0.1111111111111111,0.8008934269304403,0.09090909090909091,0.744270205066345,0.16666666666666666,1.0,0.0031645569620253164,1.0,0.16666666666666666,0.010948905109489052
Vehicle_10,8389637,470,0.022388059701492536,1e-20,1e-20,1e-20,0.9674124800755652,1e-20,1e-20,0.9613603654339529,0.3333333333333333,1e-20,1e-20,0.0009316848387178002,1e-20,0.0008561428247677083,0.16666666666666666,0.07142857142857142,0.022388059701492536,0.3333333333333333,0.25,0.5,0.9674124800755652,0.1,0.2857142857142857,0.9613603654339529,0.3333333333333333,0.744270205066345,1.0,0.5,0.08333333333333333,1.0,0.16666666666666666,0.07142857142857142
Vehicle_10,8389637,471,0.09859154929577464,1e-20,1e-20,1e-20,0.9674124800755652,0.10526315789473684,0.25,0.9613603654339529,1e-20,1e-20,1e-20,0.001913731020068995,1e-20,1e-20,1e-20,1e-20,0.09859154929577464,0.3333333333333333,1.0,1.0,0.9674124800755652,0.10526315789473684,0.25,0.9613603654339529,0.14285714285714285,0.744270205066345,0.3333333333333333,1.0,0.125,0.5,0.08333333333333333,0.043478260869565216
Vehicle_10,8389637,472,0.1875,1e-20,1e-20,1e-20,0.9674124800755652,0.04,1e-20,0.9613603654339529,0.15384615384615385,1e-20,1e-20,1e-20,1e-20,1e-20,1e-20,1e-20,0.1875,1.0,0.5,1.0,0.9674124800755652,0.04,0.08333333333333333,0.9613603654339529,0.15384615384615385,0.744270205066345,0.5,1.0,0.045454545454545456,0.5,0.08333333333333333,0.05263157894736842
Vehicle_10,8389637,473,0.15648854961832062,1e-20,1e-20,1e-20,0.03258751992443474,0.3076923076923077,0.2857142857142857,0.9613603654339529,1e-20,1e-20,1e-20,1e-20,1e-20,1e-20,1e-20,1e-20,0.15648854961832062,0.5,0.5,1.0,0.03258751992443474,0.3076923076923077,0.2857142857142857,0.9613603654339529,0.058823529411764705,0.744270205066345,0.3333333333333333,0.25,0.14285714285714285,0.2,0.3333333333333333,0.25
Vehicle_10,8389637,474,0.10108303249097472,1e-20,1e-20,1e-20,0.8513274336283185,0.02127659574468085,0.03333333333333333,0.9613603654339529,0.024390243902439025,1e-20,1e-20,1e-20,1e-20,1e-20,1e-20,1e-20,0.10108303249097472,0.3333333333333333,0.16666666666666666,1.0,0.8513274336283185,0.02127659574468085,0.03333333333333333,0.9613603654339529,0.024390243902439025,0.744270205066345,0.5,0.5,0.125,0.5,1.0,0.1111111111111111
Vehicle_10,8389637,475,0.1895910780669145,0.002917226220834025,1e-20,1e-20,0.9618592351505288,1e-20,1e-20,0.9613603654339529,1e-20,1e-20,1e-20,0.14285714285714285,1e-20,0.000961901644297837,1e-20,1e-20,0.1895910780669145,0.5,1.0,1.0,0.9618592351505288,0.09090909090909091,0.25,0.9613603654339529,0.019230769230769232,0.744270205066345,0.5,0.14285714285714285,0.09090909090909091,0.1111111111111111,0.5,0.25
Vehicle_10,8389637,476,0.04375,1e-20,1e-20,1e-20,0.9618592351505288,0.2,1e-20,0.9613603654339529,1e-20,1e-20,1e-20,1e-20,1e-20,1e-20,1e-20,1e-20,0.04375,1.0,1.0,1.0,0.9618592351505288,0.2,0.5,0.9613603654339529,0.14285714285714285,0.744270205066345,0.3333333333333333,0.14285714285714285,0.13333333333333333,0.5,1.0,0.4
Vehicle_10,8389637,477,0.05928853754940711,1e-20,0.08333333333333333,1e-20,0.9618592351505288,0.058823529411764705,0.08333333333333333,0.9613603654339529,1e-20,1e-20,1e-20,1e-20,0.027777777777777776,1e-20,0.1,0.13043478260869565,0.05928853754940711,0.5,0.08333333333333333,0.16666666666666666,0.9618592351505288,0.058823529411764705,0.08333333333333333,0.9613603654339529,0.14285714285714285,0.744270205066345,0.5,1.0,0.027777777777777776,0.5,0.1,0.13043478260869565
Vehicle_10,8389637,478,0.014184397163120567,1e-20,1e-20,1e-20,0.9618592351505288,0.0423728813559322,0.07407407407407407,0.9613603654339529,1e-20,1e-20,1e-20,1e-20,1e-20,1e-20,0.0392156862745098,0.025423728813559324,0.014184397163120567,0.4444444444444444,0.2857142857142857,0.5,0.9618592351505288,0.0423728813559322,0.07407407407407407,0.9613603654339529,0.5,0.744270205066345,0.2,0.6666666666666666,0.030303030303030304,0.5,0.0392156862745098,0.025423728813559324
Vehicle_10,8389637,479,0.01694915254237288,1e-20,1e-20,1e-20,0.9618592351505288,1e-20,1e-20,0.9613603654339529,1e-20,1e-20,0.0012388890287815073,0.0006194445143907537,1e-20,1e-20,0.02631578947368421,0.01834862385321101,0.01694915254237288,0.09302325581395349,0.0625,0.1,0.9618592351505288,0.01818181818181818,0.034482758620689655,0.9613603654339529,0.0625,0.744270205066345,1.0,0.5,0.025,1.0,0.02631578947368421,0.01834862385321101
Vehicle_10,8389637,480,0.0755813953488372,0.16666666666666666,1e-20,1e-20,0.9618592351505288,0.058823529411764705,1e-20,0.9613603654339529,1e-20,1e-20,1e-20,1e-20,1e-20,1e-20,0.17391304347826086,0.225,0.0755813953488372,0.16666666666666666,0.16666666666666666,0.25,0.9618592351505288,0.058823529411764705,0.6666666666666666,0.9613603654339529,0.14285714285714285,0.744270205066345,0.3333333333333333,0.3333333333333333,0.14285714285714285,1.0,0.17391304347826086,0.225
Vehicle_10,8389637,481,0.08695652173913043,1e-20,0.037037037037037035,1e-20,0.9618592351505288,0.0043980208905992305,0.002827521206409048,0.9613603654339529,0.1111111111111111,1e-20,0.25,0.3333333333333333,0.009287925696594427,1e-20,0.0205761316872428,0.017684887459807074,0.08695652173913043,0.1111111111111111,0.037037037037037035,0.16666666666666666,0.9618592351505288,0.0043980208905992305,0.002827521206409048,0.9613603654339529,0.1111111111111111,0.744270205066345,0.25,0.3333333333333333,0.009287925696594427,0.3333333333333333,0.0205761316872428,0.017684887459807074
Vehicle_10,8389637,482,0.15384615384615385,0.022727272727272728,1e-20,1e-20,0.9618592351505288,1e-20,1e-20,0.03863963456604718,0.08695652173913043,1e-20,1e-20,1e-20,0.028846153846153848,1e-20,0.06060606060606061,0.14545454545454545,0.15384615384615385,0.022727272727272728,0.07142857142857142,0.125,0.9618592351505288,0.07407407407407407,0.019230769230769232,0.03863963456604718,0.08695652173913043,0.744270205066345,0.3333333333333333,1.0,0.028846153846153848,0.5,0.06060606060606061,0.14545454545454545
Vehicle_10,8389637,483,0.20081967213114754,0.07142857142857142,0.04,1e-20,0.9618592351505288,0.125,0.14285714285714285,0.8207282913165266,1e-20,1e-20,1e-20,1e-20,0.09401709401709402,1e-20,0.10526315789473684,0.1518987341772152,0.20081967213114754,0.07142857142857142,0.04,0.3,0.9618592351505288,0.125,0.14285714285714285,0.8207282913165266,0.043478260869565216,0.744270205066345,0.5,0.5,0.09401709401709402,1.0,0.10526315789473684,0.1518987341772152
Vehicle_10,8389637,484,0.04918032786885246,0.07407407407407407,1e-20,1e-20,0.9618592351505288,0.07026348808030113,0.08746355685131195,0.9585474366846567,1e-20,1e-20,1e-20,1e-20,0.06109979633401222,0.000448215949437212,0.028368794326241134,0.03197674418604651,0.04918032786885246,0.07407407407407407,0.15384615384615385,0.5,0.9618592351505288,0.07026348808030113,0.08746355685131195,0.9585474366846567,0.1,0.744270205066345,1.0,1.0,0.06109979633401222,1.0,0.028368794326241134,0.03197674418604651
Vehicle_10,8389637,485,0.02040816326530612,0.07777777777777778,0.041666666666666664,1e-20,0.9618592351505288,0.2053388090349076,0.18584070796460178,0.9585474366846567,1e-20,1e-20,1e-20,1e-20,0.19289340101522842,1e-20,0.08928571428571429,0.13664596273291926,0.02040816326530612,0.07777777777777778,0.041666666666666664,0.07142857142857142,0.9618592351505288,0.2053388090349076,0.18584070796460178,0.9585474366846567,0.07142857142857142,0.744270205066345,0.5,1.0,0.19289340101522842,0.5,0.08928571428571429,0.13664596273291926
Vehicle_10,8389637,486,1e-20,0.08108108108108109,1e-20,1e-20,0.9618592351505288,0.12571428571428572,0.13443830570902393,0.9585474366846567,1e-20,1e-20,1e-20,1e-20,0.07368421052631578,0.0004331075466471936,0.125,0.14772727272727273,0.014285714285714285,0.08108108108108109,0.08333333333333333,0.25,0.9618592351505288,0.12571428571428572,0.13443830570902393,0.9585474366846567,0.14285714285714285,0.744270205066345,0.16666666666666666,0.25,0.07368421052631578,0.5,0.125,0.14772727272727273
Vehicle_10,8389637,487,0.0425531914893617,0.09195402298850575,1e-20,1e-20,0.9618592351505288,0.10631229235880399,0.11026615969581749,0.9585474366846567,1e-20,1e-20,1e-20,0.00045325208370055144,0.06921241050119331,1e-20,0.22857142857142856,0.1715686274509804,0.0425531914893617,0.09195402298850575,0.06666666666666667,0.14285714285714285,0.9618592351505288,0.10631229235880399,0.11026615969581749,0.9585474366846567,0.05263157894736842,0.744270205066345,0.5,0.5,0.06921241050119331,0.5,0.22857142857142856,0.1715686274509804
Vehicle_10,8389637,488,0.13131313131313133,0.061224489795918366,0.5,1.0,0.9618592351505288,0.19093851132686085,0.2012987012987013,0.04145256331534326,1e-20,1e-20,1e-20,1e-20,0.32452830188679244,0.00022662604185027572,0.1348314606741573,0.35714285714285715,0.13131313131313133,0.061224489795918366,0.5,1.0,0.9618592351505288,0.19093851132686085,0.2012987012987013,0.04145256331534326,0.1111111111111111,0.744270205066345,0.5,0.3333333333333333,0.32452830188679244,1.0,0.1348314606741573,0.35714285714285715
Vehicle_10,8389637,489,0.13513513513513514,1e-20,1e-20,1e-20,0.9618592351505288,0.261558784676354,0.09633649932157395,0.19910657306955967,1e-20,1e-20,1e-20,1e-20,0.30353200883002207,0.00019640923627023895,0.0547945205479452,0.30625,0.13513513513513514,0.19444444444444445,0.125,0.16666666666666666,0.9618592351505288,0.261558784676354,0.09633649932157395,0.19910657306955967,0.14285714285714285,0.744270205066345,1.0,1.0,0.30353200883002207,0.5,0.0547945205479452,0.30625
Vehicle_10,8389637,490,0.1956521739130435,0.07692307692307693,1e-20,1e-20,0.9618592351505288,0.008974358974358974,0.021505376344086023,0.8207282913165266,0.125,1e-20,1e-20,1e-20,0.010074463425317565,0.0001007226852667892,0.16393442622950818,0.165625,0.1956521739130435,0.07692307692307693,0.0625,0.16666666666666666,0.9618592351505288,0.008974358974358974,0.021505376344086023,0.8207282913165266,0.125,0.744270205066345,0.3333333333333333,0.5,0.010074463425317565,0.5,0.16393442622950818,0.165625
Vehicle_10,8389637,491,0.1005586592178771,0.11363636363636363,1e-20,1e-20,0.9618592351505288,0.0989010989010989,0.11904761904761904,0.9585474366846567,1e-20,1e-20,1e-20,0.0004633243522272304,0.040268456375838924,0.00021151763906025734,0.203125,0.17088607594936708,0.1005586592178771,0.11363636363636363,0.07142857142857142,0.125,0.9618592351505288,0.0989010989010989,0.11904761904761904,0.9585474366846567,0.07692307692307693,0.744270205066345,1.0,1.0,0.040268456375838924,1.0,0.203125,0.17088607594936708
Vehicle_10,8389637,492,0.05952380952380952,0.08333333333333333,1e-20,1e-20,0.9618592351505288,0.15343915343915343,0.12921348314606743,0.9585474366846567,1e-20,1e-20,0.0010122629869312315,1e-20,0.08837209302325581,0.0003676378012237806,0.125,0.1386861313868613,0.05952380952380952,0.08333333333333333,0.25,0.5,0.9618592351505288,0.15343915343915343,0.12921348314606743,0.9585474366846567,0.125,0.744270205066345,1.0,1.0,0.08837209302325581,1.0,0.125,0.1386861313868613
Vehicle_10,8389637,493,0.015625,0.1527777777777778,0.002744693173520006,0.0013245033112582781,0.9618592351505288,0.23244147157190637,0.19855595667870035,0.9585474366846567,1e-20,1e-20,0.0016317075013219853,1e-20,0.1099290780141844,0.0006144083801274142,0.13071895424836602,0.1182108626198083,0.015625,0.1527777777777778,0.3333333333333333,0.5,0.9618592351505288,0.23244147157190637,0.19855595667870035,0.9585474366846567,0.5,0.744270205066345,1.0,1.0,0.1099290780141844,1.0,0.13071895424836602,0.1182108626198083
Vehicle_10,8389637,494,1e-20,0.11666666666666667,1e-20,1e-20,0.9618592351505288,0.01405152224824356,0.0213903743315508,0.9585474366846567,0.08333333333333333,1e-20,1e-20,1e-20,0.0070921985815602835,1e-20,0.09558823529411764,0.10158730158730159,0.037037037037037035,0.11666666666666667,0.3333333333333333,1.0,0.9618592351505288,0.01405152224824356,0.0213903743315508,0.9585474366846567,0.08333333333333333,0.744270205066345,0.5,1.0,0.0070921985815602835,1.0,0.09558823529411764,0.10158730158730159
Vehicle_10,8389637,495,0.02358490566037736,0.03278688524590164,1e-20,1e-20,0.9618592351505288,0.08163265306122448,0.05,0.04145256331534326,1e-20,1e-20,1e-20,1e-20,0.16176470588235295,1e-20,0.030303030303030304,0.09465020576131687,0.02358490566037736,0.03278688524590164,0.13333333333333333,0.3333333333333333,0.9618592351505288,0.08163265306122448,0.05,0.04145256331534326,0.2222222222222222,0.744270205066345,0.3333333333333333,0.3333333333333333,0.16176470588235295,0.3333333333333333,0.030303030303030304,0.09465020576131687
Vehicle_10,8389637,496,1e-20,1e-20,1e-20,1e-20,0.9618592351505288,1e-20,1e-20,0.8008934269304403,0.043478260869565216,1e-20,1e-20,1e-20,1e-20,0.0010122629869312315,1e-20,1e-20,0.05714285714285714,0.1,0.03333333333333333,0.06666666666666667,0.9618592351505288,0.07692307692307693,0.08333333333333333,0.8008934269304403,0.043478260869565216,0.744270205066345,0.3333333333333333,0.5,0.003937007874015748,1.0,0.037037037037037035,0.003355704697986577
Vehicle_10,8389637,497,0.152,1e-20,0.0018331528718555637,0.0008561428247677083,0.9618592351505288,1e-20,1e-20,0.9613603654339529,1e-20,1e-20,1e-20,1e-20,1e-20,1e-20,1e-20,1e-20,0.152,0.5,0.5,0.5,0.9618592351505288,0.25,1.0,0.9613603654339529,0.08333333333333333,0.744270205066345,0.16666666666666666,0.25,0.25,0.3333333333333333,0.2,0.0625
Vehicle_10,8389637,498,0.2490566037735849,1e-20,1e-20,1e-20,0.9618592351505288,1e-20,1e-20,0.9613603654339529,0.06666666666666667,1e-20,1e-20,1e-20,1e-20,1e-20,1e-20,1e-20,0.2490566037735849,0.3333333333333333,0.125,0.25,0.9618592351505288,0.25,0.25,0.9613603654339529,0.06666666666666667,0.744270205066345,0.5,1.0,0.5,0.25,0.2,0.125
Vehicle_10,8389637,499,0.19245283018867926,1e-20,1e-20,0.005242615768136378,0.9618592351505288,0.16666666666666666,1e-20,0.9613603654339529,0.1875,1e-20,1e-20,1e-20,1e-20,1e-20,1e-20,1e-20,0.19245283018867926,0.5,0.5,1.0,0.9618592351505288,0.16666666666666666,0.6666666666666666,0.9613603654339529,0.1875,0.744270205066345,0.25,0.3333333333333333,0.25,0.25,0.3333333333333333,0.1
Vehicle_10,8389637,500,0.1391941391941392,0.0024192858831399416,1e-20,0.004804472087225845,0.03814076484947111,0.03333333333333333,1e-20,0.9613603654339529,1e-20,1e-20,0.00821897111777,1e-20,0.25,1e-20,0.003963437665248155,1e-20,0.1391941391941392,0.5,1.0,1.0,0.03814076484947111,0.03333333333333333,0.23076923076923078,0.9613603654339529,0.045454545454545456,0.744270205066345,0.5,0.5,0.25,1.0,0.3333333333333333,1.0
Vehicle_10,8389637,501,0.15789473684210525,0.0020621771561068107,0.003061969632110392,0.0016266713670586457,0.8374371859296482,1e-20,1e-20,0.9613603654339529,1e-20,1e-20,1e-20,1e-20,0.058823529411764705,1e-20,1e-20,1e-20,0.15789473684210525,0.5,1.0,1.0,0.8374371859296482,0.023809523809523808,0.08695652173913043,0.9613603654339529,0.058823529411764705,0.744270205066345,0.2,0.5,0.058823529411764705,0.3333333333333333,1.0,0.3333333333333333
Vehicle_10,8389637,502,0.04716981132075472,1e-20,0.0025734646085664643,0.001364792385364994,0.9674124800755652,1e-20,1e-20,0.9613603654339529,1e-20,1e-20,0.0016568881726386825,1e-20,1e-20,1e-20,1e-20,1e-20,0.04716981132075472,0.5,0.5,1.0,0.9674124800755652,0.2,0.5,0.9613603654339529,0.3333333333333333,0.744270205066345,0.25,0.5,0.2,1.0,0.5,0.5
Vehicle_10,8389637,503,0.12179487179487179,1e-20,0.0010525520610379473,0.0005388663661773223,0.9674124800755652,1e-20,1e-20,0.9613603654339529,1e-20,1e-20,1e-20,1e-20,1e-20,1e-20,1e-20,1e-20,0.12179487179487179,1.0,1.0,0.5,0.9674124800755652,1.0,1.0,0.9613603654339529,0.25,0.744270205066345,1.0,1.0,0.058823529411764705,1.0,0.2,0.16666666666666666
Vehicle_10,8389637,504,0.04054054054054054,1e-20,1e-20,1e-20,0.9674124800755652,0.16666666666666666,0.5,0.9613603654339529,1e-20,1e-20,0.0006849142598141666,0.0002920957872736887,1e-20,0.0001813008334802206,1e-20,0.04,0.04054054054054054,0.5,1.0,1.0,0.9674124800755652,0.16666666666666666,0.5,0.9613603654339529,1.0,0.744270205066345,0.5,1.0,0.09090909090909091,0.5,0.041666666666666664,0.04
Vehicle_10,8389637,505,0.0759493670886076,0.1111111111111111,1e-20,1e-20,0.9674124800755652,0.016666666666666666,1e-20,0.9613603654339529,0.0008712512275577266,1e-20,1e-20,1e-20,0.013157894736842105,0.0001007226852667892,0.08536585365853659,0.1,0.0759493670886076,0.1111111111111111,0.3333333333333333,0.5,0.9674124800755652,0.016666666666666666,0.027777777777777776,0.9613603654339529,1.0,0.744270205066345,1.0,0.25,0.013157894736842105,1.0,0.08536585365853659,0.1
Vehicle_10,8389637,506,0.03225806451612903,0.08823529411764706,1e-20,1e-20,0.9674124800755652,0.009216589861751152,0.0196078431372549,0.9613603654339529,1e-20,1e-20,1e-20,1e-20,1e-20,0.0001410117593735049,0.02962962962962963,0.03802281368821293,0.03225806451612903,0.08823529411764706,0.08333333333333333,0.16666666666666666,0.9674124800755652,0.009216589861751152,0.0196078431372549,0.9613603654339529,0.07142857142857142,0.744270205066345,1.0,0.5,0.011111111111111112,1.0,0.02962962962962963,0.03802281368821293
Vehicle_10,8389637,507,0.057692307692307696,1e-20,1e-20,1e-20,0.9674124800755652,0.057692307692307696,0.08695652173913043,0.9613603654339529,1e-20,1e-20,0.0010424797925112684,0.0003575655326971017,0.1,0.0001913731020068995,0.09836065573770492,0.07563025210084033,0.057692307692307696,0.06451612903225806,1.0,1.0,0.9674124800755652,0.057692307692307696,0.08695652173913043,0.9613603654339529,0.25,0.744270205066345,0.5,1.0,0.1,1.0,0.09836065573770492,0.07563025210084033
Vehicle_10,8389637,508,0.034482758620689655,1e-20,0.25,0.4,0.9674124800755652,0.046875,0.034482758620689655,0.9613603654339529,0.05555555555555555,1e-20,1e-20,1e-20,1e-20,0.00012590335658348652,0.1038961038961039,0.09523809523809523,0.034482758620689655,0.25,0.25,0.4,0.9674124800755652,0.046875,0.034482758620689655,0.9613603654339529,0.05555555555555555,0.744270205066345,0.3333333333333333,1.0,0.125,1.0,0.1038961038961039,0.09523809523809523
Vehicle_10,8389637,509,0.039735099337748346,0.11267605633802817,1e-20,1e-20,0.9674124800755652,0.11210762331838565,0.10317460317460317,0.9613603654339529,0.1,1e-20,1e-20,1e-20,1e-20,0.00012086722232014704,0.13962264150943396,0.1507537688442211,0.039735099337748346,0.11267605633802817,0.14285714285714285,0.1111111111111111,0.9674124800755652,0.11210762331838565,0.10317460317460317,0.9613603654339529,0.1,0.744270205066345,1.0,1.0,0.08333333333333333,0.5,0.13962264150943396,0.1507537688442211
Vehicle_10,8389637,510,0.11235955056179775,0.1125,0.07692307692307693,0.16666666666666666,0.9674124800755652,0.11678832116788321,0.14705882352941177,0.9613603654339529,0.1111111111111111,1e-20,0.0004230352781205147,0.00023669831037695464,1e-20,9.065041674011028e-05,0.23030303030303031,0.20522388059701493,0.11235955056179775,0.1125,0.07692307692307693,0.16666666666666666,0.9674124800755652,0.11678832116788321,0.14705882352941177,0.9613603654339529,0.1111111111111111,0.744270205066345,0.3333333333333333,0.5,0.02631578947368421,1.0,0.23030303030303031,0.20522388059701493
Vehicle_10,8389637,511,0.05384615384615385,0.1864406779661017,1e-20,1e-20,0.9674124800755652,0.08536585365853659,0.06818181818181818,0.9613603654339529,1e-20,1e-20,1e-20,0.00031224032432704653,1e-20,1e-20,0.03723404255319149,0.041666666666666664,0.05384615384615385,0.1864406779661017,0.16666666666666666,0.16666666666666666,0.9674124800755652,0.08536585365853659,0.06818181818181818,0.9613603654339529,0.125,0.744270205066345,1.0,1.0,0.07142857142857142,1.0,0.03723404255319149,0.041666666666666664
Vehicle_10,8389637,512,0.0898876404494382,0.10526315789473684,1e-20,1e-20,0.9674124800755652,0.10638297872340426,0.15789473684210525,0.9613603654339529,0.125,1e-20,0.0009467932415078185,0.00030216805580036765,0.08108108108108109,0.0001410117593735049,0.2028985507246377,0.15723270440251572,0.0898876404494382,0.10526315789473684,0.5,0.5,0.9674124800755652,0.10638297872340426,0.15789473684210525,0.9613603654339529,0.125,0.744270205066345,0.5,1.0,0.08108108108108109,1.0,0.2028985507246377,0.15723270440251572
Vehicle_10,8389637,513,0.16853932584269662,0.16071428571428573,1e-20,1e-20,0.9674124800755652,0.136986301369863,0.125,0.9613603654339529,0.06666666666666667,1e-20,1e-20,1e-20,1e-20,0.00021151763906025734,0.15348837209302327,0.15083798882681565,0.16853932584269662,0.16071428571428573,0.07142857142857142,0.2,0.9674124800755652,0.136986301369863,0.125,0.9613603654339529,0.06666666666666667,0.744270205066345,1.0,1.0,0.03333333333333333,1.0,0.15348837209302327,0.15083798882681565
Vehicle_10,8389637,514,0.04807692307692308,0.17307692307692307,0.13333333333333333,1e-20,0.9674124800755652,0.1417910447761194,0.08333333333333333,0.9613603654339529,1e-20,1e-20,1e-20,1e-20,0.038461538461538464,0.00017626469921688112,0.2768361581920904,0.2668918918918919,0.04807692307692308,0.17307692307692307,0.13333333333333333,0.25,0.9674124800755652,0.1417910447761194,0.08333333333333333,0.9613603654339529,0.125,0.744270205066345,0.5,1.0,0.038461538461538464,1.0,0.2768361581920904,0.2668918918918919
Vehicle_10,8389637,515,0.15625,0.12371134020618557,1e-20,1e-20,0.9674124800755652,0.014285714285714285,0.014705882352941176,0.9613603654339529,1e-20,1e-20,1e-20,1e-20,1e-20,9.568655100344974e-05,0.15613382899628253,0.15980629539951574,0.15625,0.12371134020618557,0.16666666666666666,0.16666666666666666,0.9674124800755652,0.014285714285714285,0.014705882352941176,0.9613603654339529,0.16666666666666666,0.744270205066345,0.5,1.0,0.023809523809523808,1.0,0.15613382899628253,0.15980629539951574
Vehicle_10,8389637,516,0.027210884353741496,0.2413793103448276,1e-20,1e-20,0.9674124800755652,0.0967741935483871,0.058823529411764705,0.9613603654339529,1e-20,1e-20,1e-20,0.0004230352781205147,0.05555555555555555,0.0002467705789036336,0.13368983957219252,0.11217948717948718,0.027210884353741496,0.2413793103448276,0.6,1.0,0.9674124800755652,0.0967741935483871,0.058823529411764705,0.9613603654339529,0.3333333333333333,0.744270205066345,0.5,1.0,0.05555555555555555,1.0,0.13368983957219252,0.11217948717948718
Vehicle_10,8389637,517,0.07407407407407407,0.05102040816326531,1e-20,1e-20,0.9674124800755652,0.11864406779661017,0.14285714285714285,0.9613603654339529,0.1,1e-20,0.0003626016669604412,0.0002064815047969179,0.05555555555555555,8.057814821343136e-05,0.08955223880597014,0.0867579908675799,0.07407407407407407,0.05102040816326531,0.0625,0.1,0.9674124800755652,0.11864406779661017,0.14285714285714285,0.9613603654339529,0.1,0.744270205066345,1.0,1.0,0.05555555555555555,1.0,0.08955223880597014,0.0867579908675799
Vehicle_10,8389637,518,0.08450704225352113,0.1282051282051282,1e-20,0.00022662604185027572,0.9674124800755652,0.07633587786259542,0.05714285714285714,0.9613603654339529,1e-20,1e-20,0.0010424797925112684,0.0005338302319139828,1e-20,0.00017122856495354165,0.12396694214876033,0.14720812182741116,0.08450704225352113,0.1282051282051282,0.5,1.0,0.9674124800755652,0.07633587786259542,0.05714285714285714,0.9613603654339529,0.3333333333333333,0.744270205066345,1.0,1.0,0.02,1.0,0.12396694214876033,0.14720812182741116
Vehicle_10,8389637,519,0.03355704697986577,0.140625,1e-20,1e-20,0.9674124800755652,0.11392405063291139,0.10256410256410256,0.9613603654339529,0.002482814191826354,1e-20,1e-20,0.0009518293757711581,0.043478260869565216,0.0007856369450809558,0.24150943396226415,0.2145922746781116,0.03355704697986577,0.140625,1.0,1.0,0.9674124800755652,0.11392405063291139,0.10256410256410256,0.9613603654339529,0.25,0.744270205066345,1.0,1.0,0.043478260869565216,1.0,0.24150943396226415,0.2145922746781116
Vehicle_10,8389637,520,0.08333333333333333,0.14754098360655737,0.001792863797748848,0.0008359982877143505,0.9674124800755652,0.10714285714285714,0.07692307692307693,0.9613603654339529,0.002996499886686979,1e-20,1e-20,0.000579155440284038,0.09803921568627451,0.00042807141238385414,0.06792452830188679,0.07939914163090128,0.08333333333333333,0.14754098360655737,1.0,1.0,0.9674124800755652,0.10714285714285714,0.07692307692307693,0.9613603654339529,0.3333333333333333,0.744270205066345,0.2,0.3333333333333333,0.09803921568627451,1.0,0.06792452830188679,0.07939914163090128
Vehicle_10,8389637,521,0.13793103448275862,0.012345679012345678,1e-20,1e-20,0.9674124800755652,0.15873015873015872,0.11538461538461539,0.9613603654339529,1e-20,1e-20,1e-20,1e-20,0.05084745762711865,0.000448215949437212,0.07692307692307693,0.09333333333333334,0.13793103448275862,0.012345679012345678,0.25,0.5,0.9674124800755652,0.15873015873015872,0.11538461538461539,0.9613603654339529,0.14285714285714285,0.744270205066345,0.5,0.5,0.05084745762711865,1.0,0.07692307692307693,0.09333333333333334
Vehicle_10,8389637,522,0.16938110749185667,0.2,1e-20,1e-20,0.9674124800755652,0.0639269406392694,0.02586206896551724,0.9613603654339529,0.041666666666666664,1e-20,1e-20,0.0010978772694080023,0.06451612903225806,1e-20,0.16842105263157894,0.14054054054054055,0.16938110749185667,0.2,0.05,0.1111111111111111,0.9674124800755652,0.0639269406392694,0.02586206896551724,0.9613603654339529,0.041666666666666664,0.744270205066345,0.3333333333333333,0.5,0.06451612903225806,1.0,0.16842105263157894,0.14054054054054055
Vehicle_10,8389637,523,0.03111111111111111,0.11538461538461539,1e-20,1e-20,0.9674124800755652,0.09101516919486581,0.08425720620842572,0.9613603654339529,1e-20,1e-20,1e-20,0.0009467932415078185,0.1099476439790576,0.0007806008108176164,0.08928571428571429,0.09166666666666666,0.03111111111111111,0.11538461538461539,0.18181818181818182,0.2857142857142857,0.9674124800755652,0.09101516919486581,0.08425720620842572,0.9613603654339529,0.058823529411764705,0.744270205066345,0.5,1.0,0.1099476439790576,1.0,0.08928571428571429,0.09166666666666666
Vehicle_10,8389637,524,0.023529411764705882,0.06896551724137931,0.16666666666666666,0.08333333333333333,0.9674124800755652,0.02967359050445104,0.030303030303030304,0.9613603654339529,1e-20,1e-20,0.0013194671769949386,1e-20,0.016666666666666666,1e-20,0.10091743119266056,0.07981220657276995,0.023529411764705882,0.06896551724137931,0.16666666666666666,0.08333333333333333,0.9674124800755652,0.02967359050445104,0.030303030303030304,0.9613603654339529,0.19047619047619047,0.744270205066345,0.1111111111111111,0.5,0.016666666666666666,1.0,0.10091743119266056,0.07981220657276995
Vehicle_10,8389637,525,0.05172413793103448,1e-20,1e-20,1e-20,0.9674124800755652,0.024096385542168676,0.041666666666666664,0.9613603654339529,1e-20,1e-20,1e-20,0.0015813461586885907,0.03125,0.0015259486817918565,1e-20,0.010256410256410256,0.05172413793103448,0.013333333333333334,0.030303030303030304,0.043478260869565216,0.9674124800755652,0.024096385542168676,0.041666666666666664,0.9613603654339529,0.047619047619047616,0.744270205066345,1.0,1.0,0.03125,1.0,0.010101010101010102,0.010256410256410256
Vehicle_10,8389637,526,0.005434782608695652,1e-20,1e-20,1e-20,0.9674124800755652,0.1,0.14285714285714285,0.9613603654339529,1e-20,1e-20,1e-20,1e-20,0.01694915254237288,1e-20,0.03333333333333333,0.028169014084507043,0.005434782608695652,0.1,0.2,0.3333333333333333,0.9674124800755652,0.1,0.14285714285714285,0.9613603654339529,0.2,0.744270205066345,1.0,0.2,0.01694915254237288,1.0,0.03333333333333333,0.028169014084507043
Vehicle_10,8389637,527,0.07692307692307693,1e-20,0.05,0.125,0.9674124800755652,1e-20,1e-20,0.03863963456604718,1e-20,1e-20,1e-20,0.0012539974315715257,1e-20,1e-20,1e-20,0.003424657534246575,0.07692307692307693,0.3333333333333333,0.05,0.125,0.9674124800755652,0.0392156862745098,0.21052631578947367,0.03863963456604718,0.0625,0.744270205066345,0.125,0.5,0.016129032258064516,0.5,0.005555555555555556,0.003424657534246575
Vehicle_10,8389637,528,0.09310344827586207,1e-20,1e-20,1e-20,0.9674124800755652,1e-20,1e-20,0.8207282913165266,0.030303030303030304,1e-20,1e-20,0.0013194671769949386,1e-20,1e-20,1e-20,1e-20,0.09310344827586207,0.1111111111111111,0.023255813953488372,0.041666666666666664,0.9674124800755652,0.1111111111111111,1.0,0.8207282913165266,0.030303030303030304,0.744270205066345,0.14285714285714285,1.0,0.1111111111111111,0.5,0.5,0.037037037037037035
Vehicle_10,8389637,529,0.1918918918918919,1e-20,1e-20,1e-20,0.9674124800755652,0.2,1e-20,0.9585474366846567,0.07142857142857142,1e-20,1e-20,1e-20,1e-20,1e-20,0.0035454385213909805,1e-20,0.1918918918918919,1.0,0.16666666666666666,0.3333333333333333,0.9674124800755652,0.2,0.5,0.9585474366846567,0.07142857142857142,0.744270205066345,0.25,0.2,0.5,0.25,0.3333333333333333,0.5
Vehicle_10,8389637,530,0.05202312138728324,1e-20,0.01791352957469846,0.007664996348802659,0.03258751992443474,1e-20,1e-20,0.9585474366846567,1e-20,1e-20,1e-20,1e-20,1e-20,1e-20,0.004608062850955607,1e-20,0.05202312138728324,1.0,1.0,1.0,0.03258751992443474,0.15384615384615385,0.25,0.9585474366846567,0.0625,0.744270205066345,0.5,0.25,0.25,0.2,1.0,1.0
Vehicle_10,8389637,531,0.027777777777777776,1e-20,1e-20,0.0014504066678417648,0.8513274336283185,0.05,0.09090909090909091,0.9585474366846567,1e-20,1e-20,1e-20,1e-20,1e-20,1e-20,0.006481504796917886,1e-20,0.027777777777777776,0.3333333333333333,0.007194244604316547,1.0,0.8513274336283185,0.05,0.09090909090909091,0.9585474366846567,0.1,0.744270205066345,0.013888888888888888,0.14285714285714285,0.09090909090909091,0.5,1.0,0.012048192771084338
Vehicle_10,8389637,532,0.10638297872340426,1e-20,0.0025734646085664643,0.0012086722232014706,0.9618592351505288,0.25,0.375,0.9585474366846567,0.002110140256339234,1e-20,0.0004230352781205147,1e-20,1e-20,6.043361116007352e-05,1e-20,1e-20,0.10638297872340426,1.0,0.5,1.0,0.9618592351505288,0.25,0.375,0.9585474366846567,1.0,0.744270205066345,1.0,1.0,0.125,1.0,1.0,0.3333333333333333
Vehicle_10,8389637,533,0.11224489795918367,1e-20,0.0010223352554579106,0.0005539747689673407,0.9618592351505288,1e-20,1e-20,0.9585474366846567,0.0012388890287815073,1e-20,1e-20,0.0007856369450809558,1e-20,0.0005388663661773223,1e-20,1e-20,0.11224489795918367,1.0,0.3333333333333333,0.5,0.9618592351505288,0.03333333333333333,0.05,0.9585474366846567,1.0,0.744270205066345,1.0,1.0,0.10526315789473684,1.0,0.2,0.2
Vehicle_10,8389637,534,0.06315789473684211,1e-20,0.0006093722458640747,0.0002669151159569914,0.9618592351505288,0.052132701421800945,0.03636363636363636,0.9585474366846567,1e-20,1e-20,0.00044317981517387256,0.00022662604185027572,1e-20,2.0144537053357832e-05,0.08064516129032258,0.0784313725490196,0.06315789473684211,0.3333333333333333,1.0,1.0,0.9618592351505288,0.052132701421800945,0.03636363636363636,0.9585474366846567,1.0,0.744270205066345,1.0,1.0,0.2,1.0,0.08064516129032258,0.0784313725490196
Vehicle_10,8389637,535,0.1320754716981132,0.014084507042253521,0.0008712512275577266,0.0004381436809105331,0.9618592351505288,0.010416666666666666,0.02040816326530612,0.9585474366846567,1e-20,1e-20,0.0005892277088107169,0.00030216805580036765,1e-20,0.0001007226852667892,0.07462686567164178,0.11864406779661017,0.1320754716981132,0.014084507042253521,1.0,1.0,0.9618592351505288,0.010416666666666666,0.02040816326530612,0.9585474366846567,1.0,0.744270205066345,1.0,0.5,0.058823529411764705,1.0,0.07462686567164178,0.11864406779661017
Vehicle_10,8389637,536,0.015151515151515152,0.13043478260869565,1e-20,0.0002165537733235968,0.9618592351505288,0.02857142857142857,0.038461538461538464,0.9585474366846567,1e-20,1e-20,0.0007403117367109007,0.0002920957872736887,1e-20,0.00012590335658348652,0.09734513274336283,0.10837438423645321,0.015151515151515152,0.13043478260869565,1.0,0.5,0.9618592351505288,0.02857142857142857,0.038461538461538464,0.9585474366846567,1.0,0.744270205066345,0.5,1.0,0.043478260869565216,1.0,0.09734513274336283,0.10837438423645321
Vehicle_10,8389637,537,1e-20,0.14285714285714285,1e-20,1e-20,0.9618592351505288,0.19117647058823528,0.1935483870967742,0.9585474366846567,1e-20,1e-20,1e-20,0.0002920957872736887,0.05,0.00012590335658348652,0.1348314606741573,0.11377245508982035,0.08333333333333333,0.14285714285714285,0.2222222222222222,0.3333333333333333,0.9618592351505288,0.19117647058823528,0.1935483870967742,0.9585474366846567,0.1,0.744270205066345,1.0,1.0,0.05,1.0,0.1348314606741573,0.11377245508982035
Vehicle_10,8389637,538,0.16216216216216217,0.11290322580645161,1e-20,1e-20,0.9618592351505288,0.04950495049504951,0.044444444444444446,0.9585474366846567,1e-20,1e-20,1e-20,0.0003424571299070833,0.023255813953488372,8.561428247677081e-05,0.16352201257861634,0.1391941391941392,0.16216216216216217,0.11290322580645161,1.0,1.0,0.9618592351505288,0.04950495049504951,0.044444444444444446,0.9585474366846567,0.16666666666666666,0.744270205066345,0.5,1.0,0.023255813953488372,0.5,0.16352201257861634,0.1391941391941392
Vehicle_10,8389637,539,0.04666666666666667,0.07142857142857142,0.0016971772467453982,0.0008611789590310478,0.9618592351505288,0.045454545454545456,0.03225806451612903,0.9585474366846567,1e-20,1e-20,1e-20,0.0003626016669604412,0.01639344262295082,0.0002417344446402941,0.12578616352201258,0.11846689895470383,0.04666666666666667,0.07142857142857142,0.5,1.0,0.9618592351505288,0.045454545454545456,0.03225806451612903,0.9585474366846567,1.0,0.744270205066345,1.0,1.0,0.01639344262295082,1.0,0.12578616352201258,0.11846689895470383
Vehicle_10,8389637,540,1e-20,0.15384615384615385,1e-20,0.0007000226626041851,0.9618592351505288,0.03508771929824561,0.08695652173913043,0.9585474366846567,1e-20,1e-20,0.0010525520610379473,0.00031224032432704653,0.013157894736842105,0.0002165537733235968,0.13636363636363635,0.12169312169312169,0.1,0.15384615384615385,0.2,1.0,0.9618592351505288,0.03508771929824561,0.08695652173913043,0.9585474366846567,1.0,0.744270205066345,0.5,1.0,0.013157894736842105,1.0,0.13636363636363635,0.12169312169312169
Vehicle_10,8389637,541,0.08064516129032258,0.06976744186046512,1e-20,1e-20,0.9618592351505288,0.13157894736842105,0.12121212121212122,0.9585474366846567,1e-20,1e-20,1e-20,0.00030216805580036765,0.045871559633027525,0.0001410117593735049,0.0989010989010989,0.1016949152542373,0.08064516129032258,0.06976744186046512,0.2857142857142857,0.25,0.9618592351505288,0.13157894736842105,0.12121212121212122,0.9585474366846567,0.25,0.744270205066345,0.3333333333333333,1.0,0.045871559633027525,1.0,0.0989010989010989,0.1016949152542373
Vehicle_10,8389637,542,0.09701492537313433,0.07692307692307693,1e-20,1e-20,0.9618592351505288,0.19365079365079366,0.20833333333333334,0.9585474366846567,1e-20,1e-20,1e-20,1e-20,0.058394160583941604,6.546974542341297e-05,0.10714285714285714,0.10877192982456141,0.09701492537313433,0.07692307692307693,0.05,0.07692307692307693,0.9618592351505288,0.19365079365079366,0.20833333333333334,0.9585474366846567,0.07142857142857142,0.744270205066345,0.3333333333333333,1.0,0.058394160583941604,1.0,0.10714285714285714,0.10877192982456141
Vehicle_10,8389637,543,0.04864864864864865,0.13636363636363635,1e-20,0.00017626469921688112,0.9618592351505288,0.1803921568627451,0.17613636363636365,0.9585474366846567,1e-20,1e-20,0.0009870823156145343,0.00045325208370055144,0.06501547987616099,0.0003374209956437439,0.11029411764705882,0.12063492063492064,0.04864864864864865,0.13636363636363635,0.25,1.0,0.9618592351505288,0.1803921568627451,0.17613636363636365,0.9585474366846567,0.2,0.744270205066345,1.0,1.0,0.06501547987616099,1.0,0.11029411764705882,0.12063492063492064
Vehicle_10,8389637,544,0.011235955056179775,0.10344827586206896,1e-20,1e-20,0.9618592351505288,0.19617224880382775,0.2125340599455041,0.9585474366846567,1e-20,1e-20,0.0005640470374940196,0.0004230352781205147,0.07392996108949416,0.0002467705789036336,0.2641509433962264,0.2178988326848249,0.011235955056179775,0.10344827586206896,0.3333333333333333,0.3333333333333333,0.9618592351505288,0.19617224880382775,0.2125340599455041,0.9585474366846567,0.125,0.744270205066345,0.5,0.5,0.07392996108949416,1.0,0.2641509433962264,0.2178988326848249
Vehicle_10,8389637,545,0.034482758620689655,0.08333333333333333,1e-20,0.00047339662075390927,0.9618592351505288,0.01717171717171717,0.012195121951219513,0.9585474366846567,1e-20,1e-20,0.0010525520610379473,0.0005338302319139828,0.014234875444839857,0.00017122856495354165,0.028368794326241134,0.03197674418604651,0.034482758620689655,0.08333333333333333,0.5,1.0,0.9618592351505288,0.01717171717171717,0.012195121951219513,0.9585474366846567,0.5,0.744270205066345,0.25,1.0,0.014234875444839857,1.0,0.028368794326241134,0.03197674418604651
Vehicle_10,8389637,546,0.14925373134328357,0.09803921568627451,1e-20,1e-20,0.9618592351505288,0.1592920353982301,0.18421052631578946,0.9585474366846567,1e-20,1e-20,1e-20,1e-20,0.08163265306122448,7.55420139500919e-05,0.16071428571428573,0.13043478260869565,0.14925373134328357,0.09803921568627451,0.08333333333333333,0.14285714285714285,0.9618592351505288,0.1592920353982301,0.18421052631578946,0.9585474366846567,0.03571428571428571,0.744270205066345,1.0,0.3333333333333333,0.08163265306122448,1.0,0.16071428571428573,0.13043478260869565
Vehicle_10,8389637,547,1e-20,0.18181818181818182,1e-20,1e-20,0.9618592351505288,0.05583756345177665,0.025766871165644172,0.04145256331534326,1e-20,1e-20,0.0005287940976506434,0.0002669151159569914,0.04159824849480022,6.546974542341297e-05,0.12359550561797752,0.2261904761904762,0.014814814814814815,0.18181818181818182,0.5,0.5,0.9618592351505288,0.05583756345177665,0.025766871165644172,0.04145256331534326,0.3333333333333333,0.744270205066345,0.3333333333333333,0.5,0.04159824849480022,1.0,0.12359550561797752,0.2261904761904762
Vehicle_10,8389637,548,1e-20,0.06086956521739131,0.1,0.14285714285714285,0.9618592351505288,0.012578616352201259,1e-20,0.8008934269304403,0.08333333333333333,1e-20,1e-20,0.0003374209956437439,0.0199203187250996,0.00012590335658348652,0.088,0.08993576017130621,0.06451612903225806,0.06086956521739131,0.1,0.14285714285714285,0.9618592351505288,0.012578616352201259,0.02531645569620253,0.8008934269304403,0.08333333333333333,0.744270205066345,1.0,1.0,0.0199203187250996,0.5,0.088,0.08993576017130621
Vehicle_10,8389637,549,0.07058823529411765,0.0625,1e-20,1e-20,0.9618592351505288,0.11428571428571428,0.05555555555555555,0.9613603654339529,1e-20,1e-20,1e-20,0.0005287940976506434,0.03289473684210526,0.00035252939843376225,0.09243697478991597,0.08365019011406843,0.07058823529411765,0.0625,0.5,0.5,0.9618592351505288,0.11428571428571428,0.05555555555555555,0.9613603654339529,0.25,0.744270205066345,0.5,0.5,0.03289473684210526,1.0,0.09243697478991597,0.08365019011406843
Vehicle_10,8389637,550,0.15,0.08,1e-20,1e-20,0.9618592351505288,0.07643312101910828,0.058823529411764705,0.9613603654339529,1e-20,1e-20,1e-20,1e-20,0.018018018018018018,6.546974542341297e-05,0.1650485436893204,0.1388888888888889,0.15,0.08,0.5,1.0,0.9618592351505288,0.07643312101910828,0.058823529411764705,0.9613603654339529,0.1111111111111111,0.744270205066345,1.0,1.0,0.018018018018018018,1.0,0.1650485436893204,0.1388888888888889
Vehicle_10,8389637,551,0.07692307692307693,0.03333333333333333,1e-20,1e-20,0.9618592351505288,0.0851063829787234,1e-20,0.9613603654339529,1e-20,1e-20,1e-20,0.00031224032432704653,0.023255813953488372,8.561428247677081e-05,0.10227272727272728,0.09389671361502347,0.07692307692307693,0.03333333333333333,0.14285714285714285,0.2,0.9618592351505288,0.0851063829787234,0.14285714285714285,0.9613603654339529,0.07142857142857142,0.744270205066345,1.0,1.0,0.023255813953488372,1.0,0.10227272727272728,0.09389671361502347
Vehicle_10,8389637,552,0.005434782608695652,0.1,1e-20,0.0004834688892805882,0.9618592351505288,0.16666666666666666,0.09090909090909091,0.9613603654339529,1e-20,1e-20,1e-20,0.00031224032432704653,1e-20,0.00012590335658348652,0.0684931506849315,0.07100591715976332,0.005434782608695652,0.1,0.5,0.25,0.9618592351505288,0.16666666666666666,0.09090909090909091,0.9613603654339529,0.3333333333333333,0.744270205066345,0.5,0.5,0.037037037037037035,1.0,0.0684931506849315,0.07100591715976332
Vehicle_10,8389637,553,1e-20,0.08,1e-20,1e-20,0.9618592351505288,0.058823529411764705,0.07142857142857142,0.9613603654339529,1e-20,1e-20,1e-20,0.0002920957872736887,1e-20,0.00012590335658348652,0.07462686567164178,0.1320754716981132,0.034482758620689655,0.08,0.25,0.3333333333333333,0.9618592351505288,0.058823529411764705,0.07142857142857142,0.9613603654339529,0.25,0.744270205066345,1.0,1.0,0.05263157894736842,1.0,0.07462686567164178,0.1320754716981132
Vehicle_10,8389637,554,0.1111111111111111,0.07692307692307693,1e-20,1e-20,0.9618592351505288,0.0425531914893617,0.05555555555555555,0.9613603654339529,1e-20,1e-20,1e-20,1e-20,1e-20,6.546974542341297e-05,0.1326530612244898,0.1652542372881356,0.1111111111111111,0.07692307692307693,0.25,0.5,0.9618592351505288,0.0425531914893617,0.05555555555555555,0.9613603654339529,0.5,0.744270205066345,1.0,1.0,0.04878048780487805,1.0,0.1326530612244898,0.1652542372881356
Vehicle_10,8389637,555,1e-20,0.11428571428571428,1e-20,1e-20,0.9618592351505288,0.13043478260869565,0.09090909090909091,0.9613603654339529,0.16666666666666666,1e-20,1e-20,1e-20,0.06451612903225806,0.00035252939843376225,0.1650485436893204,0.19169329073482427,0.03225806451612903,0.11428571428571428,0.25,1.0,0.9618592351505288,0.13043478260869565,0.09090909090909091,0.9613603654339529,0.16666666666666666,0.744270205066345,0.3333333333333333,1.0,0.06451612903225806,1.0,0.1650485436893204,0.19169329073482427
Vehicle_10,8389637,556,0.07894736842105263,0.07692307692307693,1e-20,1e-20,0.9618592351505288,0.0875,1e-20,0.9613603654339529,0.1,1e-20,0.0005640470374940196,0.0003223125928537255,1e-20,0.00010575881953012865,0.07746478873239436,0.08232445520581114,0.07894736842105263,0.07692307692307693,1.0,1.0,0.9618592351505288,0.0875,0.14285714285714285,0.9613603654339529,0.1,0.744270205066345,1.0,0.5,0.023255813953488372,1.0,0.07746478873239436,0.08232445520581114
Vehicle_10,8389637,557,0.034482758620689655,0.06451612903225806,0.058823529411764705,0.125,0.9618592351505288,0.1702127659574468,0.25,0.9613603654339529,0.13333333333333333,1e-20,0.0010525520610379473,0.0003072041900637071,0.07692307692307693,0.00015612016216352327,0.2702702702702703,0.20754716981132076,0.034482758620689655,0.06451612903225806,0.058823529411764705,0.125,0.9618592351505288,0.1702127659574468,0.25,0.9613603654339529,0.13333333333333333,0.744270205066345,1.0,1.0,0.07692307692307693,1.0,0.2702702702702703,0.20754716981132076
Vehicle_10,8389637,558,0.15328467153284672,0.3392857142857143,1e-20,1e-20,0.9618592351505288,0.23076923076923078,0.21951219512195122,0.9613603654339529,1e-20,1e-20,1e-20,0.0004230352781205147,0.03225806451612903,0.0002467705789036336,0.1340782122905028,0.171990171990172,0.15328467153284672,0.3392857142857143,0.25,0.2857142857142857,0.9618592351505288,0.23076923076923078,0.21951219512195122,0.9613603654339529,0.08333333333333333,0.744270205066345,1.0,1.0,0.03225806451612903,1.0,0.1340782122905028,0.171990171990172
Vehicle_10,8389637,559,0.08152173913043478,0.05357142857142857,1e-20,1e-20,0.9618592351505288,0.006896551724137931,1e-20,0.9613603654339529,0.125,1e-20,1e-20,1e-20,0.06666666666666667,0.0002568428474303125,0.1956521739130435,0.18085106382978725,0.08152173913043478,0.05357142857142857,1.0,1.0,0.9618592351505288,0.006896551724137931,0.013157894736842105,0.9613603654339529,0.125,0.744270205066345,0.3333333333333333,0.5,0.06666666666666667,1.0,0.1956521739130435,0.18085106382978725
Vehicle_10,8389637,560,1e-20,0.23684210526315788,1e-20,1e-20,0.9618592351505288,0.045454545454545456,1e-20,0.9613603654339529,1e-20,1e-20,0.0012439251630448468,0.0005640470374940196,0.037037037037037035,0.0002568428474303125,0.17647058823529413,0.15412186379928317,0.012195121951219513,0.23684210526315788,1.0,1.0,0.9618592351505288,0.045454545454545456,0.05555555555555555,0.9613603654339529,1.0,0.744270205066345,1.0,0.5,0.037037037037037035,1.0,0.17647058823529413,0.15412186379928317
Vehicle_10,8389637,561,0.043478260869565216,0.0851063829787234,1e-20,1e-20,0.9618592351505288,0.02127659574468085,1e-20,0.9613603654339529,1e-20,1e-20,0.00186840581169894,1e-20,1e-20,1e-20,0.13793103448275862,0.2140077821011673,0.043478260869565216,0.0851063829787234,0.2,0.3333333333333333,0.9618592351505288,0.02127659574468085,0.041666666666666664,0.9613603654339529,0.045454545454545456,0.744270205066345,0.3333333333333333,1.0,0.07407407407407407,1.0,0.13793103448275862,0.2140077821011673
Vehicle_10,8389637,562,0.04395604395604396,0.05405405405405406,1e-20,1e-20,0.9618592351505288,1e-20,1e-20,0.9613603654339529,1e-20,1e-20,1e-20,1e-20,0.03571428571428571,0.0007050587968675245,0.022222222222222223,0.034666666666666665,0.04395604395604396,0.05405405405405406,0.25,0.3333333333333333,0.9618592351505288,0.02702702702702703,0.11764705882352941,0.9613603654339529,0.16666666666666666,0.744270205066345,0.25,0.5,0.03571428571428571,1.0,0.022222222222222223,0.034666666666666665
Vehicle_10,8389637,563,0.02857142857142857,1e-20,0.0033288847480673835,0.0014403343993150857,0.9618592351505288,1e-20,1e-20,0.03863963456604718,1e-20,1e-20,1e-20,1e-20,1e-20,1e-20,0.045454545454545456,0.0196078431372549,0.02857142857142857,0.02702702702702703,1.0,1.0,0.9618592351505288,0.1,0.16666666666666666,0.03863963456604718,1.0,0.744270205066345,0.3333333333333333,1.0,0.043478260869565216,1.0,0.045454545454545456,0.0196078431372549
Vehicle_10,8389637,564,1e-20,1e-20,1e-20,1e-20,0.9618592351505288,1e-20,1e-20,0.8207282913165266,1e-20,1e-20,0.16666666666666666,1e-20,1e-20,1e-20,1e-20,1e-20,0.25,0.14285714285714285,0.06666666666666667,0.2,0.9618592351505288,0.25,0.5,0.8207282913165266,0.125,0.744270205066345,0.16666666666666666,1.0,0.25,1.0,0.1111111111111111,0.041666666666666664
Vehicle_10,8389637,565,0.15306122448979592,0.0022180978679100087,1e-20,1e-20,0.9618592351505288,1e-20,1e-20,0.9585474366846567,1e-20,1e-20,1e-20,1e-20,1e-20,1e-20,1e-20,1e-20,0.15306122448979592,0.5,0.16666666666666666,0.3333333333333333,0.9618592351505288,0.3333333333333333,0.5,0.9585474366846567,0.08333333333333333,0.744270205066345,0.09090909090909091,0.5,0.25,0.3333333333333333,0.08333333333333333,0.04
Vehicle_10,8389637,566,0.09905660377358491,0.0030580578314949778,1e-20,0.0035051494472842647,0.03814076484947111,1e-20,1e-20,0.9585474366846567,1e-20,1e-20,0.005710976254626948,1e-20,1e-20,1e-20,0.006259914889330949,1e-20,0.09905660377358491,0.5,1.0,1.0,0.03814076484947111,0.07142857142857142,0.125,0.9585474366846567,0.14285714285714285,0.744270205066345,1.0,0.14285714285714285,0.05,0.25,1.0,1.0
Vehicle_10,8389637,567,0.059602649006622516,0.0026305332991313707,1e-20,0.0027094402336766297,0.8374371859296482,1e-20,1e-20,0.04145256331534326,1e-20,1e-20,1e-20,1e-20,1e-20,1e-20,0.0034195351648074936,1e-20,0.059602649006622516,1.0,1.0,0.5,0.8374371859296482,0.1,0.25,0.04145256331534326,0.08333333333333333,0.744270205066345,0.3333333333333333,0.5,0.045454545454545456,0.2,1.0,1.0
Vehicle_10,8389637,568,0.013651877133105802,0.00350067146500083,0.0009770100470878553,0.0004885050235439276,0.9674124800755652,1e-20,1e-20,0.8008934269304403,1e-20,1e-20,1e-20,1e-20,1e-20,1e-20,0.007438370306952383,1e-20,0.013651877133105802,1.0,0.2,0.3333333333333333,0.9674124800755652,0.3333333333333333,1.0,0.8008934269304403,1.0,0.744270205066345,0.05,0.16666666666666666,1.0,0.058823529411764705,0.5,0.25
Vehicle_10,8389637,569,1e-20,0.0041545325144981115,0.0016971772467453982,0.0008359982877143505,0.9674124800755652,1e-20,1e-20,0.9613603654339529,1e-20,1e-20,0.0008511066905043689,0.00030216805580036765,1e-20,0.0001410117593735049,1e-20,1e-20,0.015625,1.0,1.0,1.0,0.9674124800755652,0.5,0.5,0.9613603654339529,1.0,0.744270205066345,1.0,1.0,0.3333333333333333,1.0,0.5,0.13333333333333333
Vehicle_10,8389637,570,0.007096907237235878,0.09090909090909091,0.0009316848387178002,0.0004985772920706066,0.9674124800755652,1e-20,1e-20,0.9613603654339529,0.000896431898874424,1e-20,0.0005287940976506434,0.00031224032432704653,0.045454545454545456,8.561428247677081e-05,0.11764705882352941,0.13026819923371646,1.0,0.09090909090909091,1.0,1.0,0.9674124800755652,0.047619047619047616,0.375,0.9613603654339529,1.0,0.744270205066345,0.5,1.0,0.045454545454545456,1.0,0.11764705882352941,0.13026819923371646
Vehicle_10,8389637,571,1e-20,0.16,0.0009115403016644424,0.00047843275501724874,0.9674124800755652,0.08333333333333333,0.05555555555555555,0.9613603654339529,1e-20,1e-20,1e-20,0.00011079495379346813,0.041666666666666664,3.525293984337622e-05,0.22627737226277372,0.17796610169491525,0.3333333333333333,0.16,0.3333333333333333,0.5,0.9674124800755652,0.08333333333333333,0.05555555555555555,0.9613603654339529,1.0,0.744270205066345,1.0,1.0,0.041666666666666664,1.0,0.22627737226277372,0.17796610169491525
Vehicle_10,8389637,572,0.10344827586206896,0.19491525423728814,0.043478260869565216,0.07142857142857142,0.9674124800755652,0.08163265306122448,0.08,0.9613603654339529,1e-20,1e-20,0.0009870823156145343,0.00042807141238385414,1e-20,0.00019640923627023895,0.21132075471698114,0.20351758793969849,0.10344827586206896,0.19491525423728814,0.043478260869565216,0.07142857142857142,0.9674124800755652,0.08163265306122448,0.08,0.9613603654339529,0.3333333333333333,0.744270205066345,1.0,1.0,0.1,1.0,0.21132075471698114,0.20351758793969849
Vehicle_10,8389637,573,1e-20,0.1864406779661017,1e-20,1e-20,0.9674124800755652,1e-20,1e-20,0.9613603654339529,1e-20,1e-20,1e-20,0.0001913731020068995,1e-20,5.539747689673406e-05,0.20754716981132076,0.17587939698492464,0.015625,0.1864406779661017,0.25,0.3333333333333333,0.9674124800755652,0.0851063829787234,0.125,0.9613603654339529,0.5,0.744270205066345,1.0,1.0,0.09090909090909091,1.0,0.20754716981132076,0.17587939698492464
Vehicle_10,8389637,574,0.42857142857142855,0.15789473684210525,1e-20,0.00018633696774356004,0.9674124800755652,0.16,1e-20,0.9613603654339529,0.0002417344446402941,1e-20,1e-20,1.0072268526678911e-05,1e-20,1e-20,0.20476190476190476,0.19169329073482427,0.42857142857142855,0.15789473684210525,1.0,1.0,0.9674124800755652,0.16,0.09090909090909091,0.9613603654339529,1.0,0.744270205066345,0.3333333333333333,1.0,0.058823529411764705,1.0,0.20476190476190476,0.19169329073482427
Vehicle_10,8389637,575,0.13636363636363635,0.21428571428571427,0.3333333333333333,0.16666666666666666,0.9674124800755652,0.16666666666666666,0.16363636363636364,0.9613603654339529,0.1,1e-20,0.0005640470374940196,0.0005187218291239645,1e-20,0.00017626469921688112,0.11895910780669144,0.12832929782082325,0.13636363636363635,0.21428571428571427,0.3333333333333333,0.16666666666666666,0.9674124800755652,0.16666666666666666,0.16363636363636364,0.9613603654339529,0.1,0.744270205066345,1.0,1.0,0.5,1.0,0.11895910780669144,0.12832929782082325
Vehicle_10,8389637,576,0.25663716814159293,0.16216216216216217,1e-20,1e-20,0.9674124800755652,0.19444444444444445,0.20408163265306123,0.9613603654339529,1e-20,1e-20,0.00031224032432704653,0.00011583108805680758,1e-20,6.043361116007352e-05,0.18181818181818182,0.1795774647887324,0.25663716814159293,0.16216216216216217,0.2,0.5,0.9674124800755652,0.19444444444444445,0.20408163265306123,0.9613603654339529,0.14285714285714285,0.744270205066345,1.0,1.0,0.3333333333333333,1.0,0.18181818181818182,0.1795774647887324
Vehicle_10,8389637,577,0.19540229885057472,0.16216216216216217,1e-20,1e-20,0.9674124800755652,0.125,0.1590909090909091,0.9613603654339529,1e-20,1e-20,0.0001813008334802206,2.5180671316697293e-05,1e-20,3.0216805580036753e-05,0.2768361581920904,0.2668918918918919,0.19540229885057472,0.16216216216216217,0.1111111111111111,0.14285714285714285,0.9674124800755652,0.125,0.1590909090909091,0.9613603654339529,0.25,0.744270205066345,1.0,1.0,0.125,1.0,0.2768361581920904,0.2668918918918919
Vehicle_10,8389637,578,0.11504424778761062,0.16216216216216217,1e-20,1e-20,0.9674124800755652,0.027777777777777776,0.02040816326530612,0.9613603654339529,1e-20,1e-20,1e-20,0.0001661924306902022,1e-20,6.043361116007352e-05,0.26022304832713755,0.2397094430992736,0.11504424778761062,0.16216216216216217,0.3333333333333333,0.5,0.9674124800755652,0.027777777777777776,0.02040816326530612,0.9613603654339529,0.5,0.744270205066345,1.0,1.0,0.1,1.0,0.26022304832713755,0.2397094430992736
Vehicle_10,8389637,579,1e-20,0.13513513513513514,0.0009115403016644424,0.00047843275501724874,0.9674124800755652,1e-20,1e-20,0.9613603654339529,1e-20,1e-20,0.0010525520610379473,0.00044317981517387256,0.07142857142857142,0.0002669151159569914,0.08921933085501858,0.08716707021791767,0.027777777777777776,0.13513513513513514,1.0,1.0,0.9674124800755652,0.06666666666666667,0.06666666666666667,0.9613603654339529,1.0,0.744270205066345,1.0,1.0,0.07142857142857142,0.5,0.08921933085501858,0.08716707021791767
Vehicle_10,8389637,580,1e-20,0.12643678160919541,0.0003575655326971017,0.00012590335658348652,0.9674124800755652,1e-20,1e-20,0.9613603654339529,0.0009568655100344975,1e-20,0.00015108402790018382,5.03613426333946e-05,1e-20,1.0072268526678911e-05,0.18584070796460178,0.1477832512315271,0.3333333333333333,0.12643678160919541,0.3333333333333333,0.5,0.9674124800755652,0.14285714285714285,0.3333333333333333,0.9613603654339529,1.0,0.744270205066345,1.0,0.5,0.043478260869565216,1.0,0.18584070796460178,0.1477832512315271
Vehicle_10,8389637,581,0.06666666666666667,0.10344827586206896,0.0008259260191876716,0.00041799914385717526,0.9674124800755652,0.078125,0.08571428571428572,0.9613603654339529,1e-20,1e-20,0.0006849142598141666,0.0002568428474303125,1e-20,6.043361116007352e-05,0.15577889447236182,0.1411042944785276,0.06666666666666667,0.10344827586206896,0.3333333333333333,0.5,0.9674124800755652,0.078125,0.08571428571428572,0.9613603654339529,0.5,0.744270205066345,1.0,1.0,0.14285714285714285,1.0,0.15577889447236182,0.1411042944785276
Vehicle_10,8389637,582,0.09090909090909091,0.16393442622950818,1e-20,1e-20,0.9674124800755652,1e-20,1e-20,0.9613603654339529,1e-20,1e-20,0.0010424797925112684,0.00031224032432704653,1e-20,0.0002165537733235968,0.04285714285714286,0.051118210862619806,0.09090909090909091,0.16393442622950818,0.16666666666666666,1.0,0.9674124800755652,0.008620689655172414,0.023255813953488372,0.9613603654339529,0.07142857142857142,0.744270205066345,1.0,1.0,0.058823529411764705,1.0,0.04285714285714286,0.051118210862619806
Vehicle_10,8389637,583,0.026845637583892617,1e-20,1e-20,1e-20,0.9674124800755652,1e-20,1e-20,0.9613603654339529,1e-20,1e-20,1e-20,0.00030216805580036765,0.06666666666666667,0.0001007226852667892,0.05128205128205128,0.05925925925925926,0.026845637583892617,0.10714285714285714,0.3333333333333333,1.0,0.9674124800755652,0.038461538461538464,0.07142857142857142,0.9613603654339529,1.0,0.744270205066345,1.0,1.0,0.06666666666666667,1.0,0.05128205128205128,0.05925925925925926
Vehicle_10,8389637,584,0.05,0.21212121212121213,1e-20,0.0005539747689673407,0.9674124800755652,0.07142857142857142,0.11764705882352941,0.9613603654339529,1e-20,1e-20,0.0007403117367109007,0.0004230352781205147,0.0425531914893617,0.0002467705789036336,0.13450292397660818,0.14935064935064934,0.05,0.21212121212121213,0.25,0.5,0.9674124800755652,0.07142857142857142,0.11764705882352941,0.9613603654339529,1.0,0.744270205066345,0.3333333333333333,1.0,0.0425531914893617,1.0,0.13450292397660818,0.14935064935064934
Vehicle_10,8389637,585,1e-20,0.01,1e-20,1e-20,0.9674124800755652,0.08208955223880597,0.08196721311475409,0.9613603654339529,1e-20,1e-20,0.0018432251403822425,0.0007554201395009191,0.038461538461538464,0.0006144083801274142,0.03723404255319149,0.041666666666666664,0.016129032258064516,0.01,0.3333333333333333,1.0,0.9674124800755652,0.08208955223880597,0.08196721311475409,0.9613603654339529,0.3333333333333333,0.744270205066345,1.0,1.0,0.038461538461538464,1.0,0.03723404255319149,0.041666666666666664
Vehicle_10,8389637,586,0.05,0.23684210526315788,1e-20,1e-20,0.9674124800755652,0.1095890410958904,0.09722222222222222,0.9613603654339529,1e-20,1e-20,1e-20,0.00031224032432704653,1e-20,0.0002165537733235968,0.2028985507246377,0.15723270440251572,0.05,0.23684210526315788,0.25,1.0,0.9674124800755652,0.1095890410958904,0.09722222222222222,0.9613603654339529,0.25,0.744270205066345,1.0,1.0,0.02564102564102564,1.0,0.2028985507246377,0.15723270440251572
Vehicle_10,8389637,587,0.027777777777777776,0.19047619047619047,1e-20,1e-20,0.9674124800755652,0.125,0.14545454545454545,0.9613603654339529,1e-20,1e-20,1e-20,0.0005287940976506434,1e-20,0.00031224032432704653,0.2186046511627907,0.19273743016759776,0.027777777777777776,0.19047619047619047,0.058823529411764705,0.1,0.9674124800755652,0.125,0.14545454545454545,0.9613603654339529,0.16666666666666666,0.744270205066345,0.5,0.5,0.05555555555555555,1.0,0.2186046511627907,0.19273743016759776
Vehicle_10,8389637,588,0.01098901098901099,0.27380952380952384,1e-20,0.0007957092136076347,0.9674124800755652,0.06569343065693431,0.058823529411764705,0.9613603654339529,0.3333333333333333,1e-20,0.0012137083574648101,0.0005237579633873039,0.029411764705882353,0.0003223125928537255,0.07906976744186046,0.0782122905027933,0.01098901098901099,0.27380952380952384,0.5,0.2,0.9674124800755652,0.06569343065693431,0.058823529411764705,0.9613603654339529,0.3333333333333333,0.744270205066345,1.0,1.0,0.029411764705882353,0.5,0.07906976744186046,0.0782122905027933
Vehicle_10,8389637,589,0.038461538461538464,0.2,0.15384615384615385,0.16666666666666666,0.9674124800755652,0.11363636363636363,0.175,0.9613603654339529,0.22727272727272727,1e-20,1e-20,1e-20,0.08333333333333333,0.00037771006975045955,0.10476190476190476,0.10638297872340426,0.038461538461538464,0.2,0.15384615384615385,0.16666666666666666,0.9674124800755652,0.11363636363636363,0.175,0.9613603654339529,0.22727272727272727,0.744270205066345,0.6666666666666666,1.0,0.08333333333333333,1.0,0.10476190476190476,0.10638297872340426
Vehicle_10,8389637,590,0.06896551724137931,0.11627906976744186,1e-20,1e-20,0.9674124800755652,0.11650485436893204,0.06,0.9613603654339529,1e-20,1e-20,1e-20,1e-20,1e-20,1e-20,0.11,0.10465116279069768,0.06896551724137931,0.11627906976744186,0.041666666666666664,0.1,0.9674124800755652,0.11650485436893204,0.06,0.9613603654339529,0.09090909090909091,0.744270205066345,0.5,0.5,0.06451612903225806,0.5,0.11,0.10465116279069768
Vehicle_10,8389637,591,0.06015037593984962,0.030303030303030304,0.07142857142857142,0.16666666666666666,0.9674124800755652,0.11428571428571428,0.08163265306122448,0.9613603654339529,1e-20,1e-20,1e-20,1e-20,1e-20,1e-20,0.21052631578947367,0.1935483870967742,0.06015037593984962,0.030303030303030304,0.07142857142857142,0.16666666666666666,0.9674124800755652,0.11428571428571428,0.08163265306122448,0.9613603654339529,0.043478260869565216,0.744270205066345,1.0,1.0,0.029411764705882353,0.5,0.21052631578947367,0.1935483870967742
Vehicle_10,8389637,592,0.04895104895104895,0.25,1e-20,1e-20,0.9674124800755652,0.057692307692307696,0.05263157894736842,0.9613603654339529,1e-20,1e-20,1e-20,0.000513685694860625,0.08888888888888889,0.0003474932641704228,0.13962264150943396,0.1507537688442211,0.04895104895104895,0.25,0.07692307692307693,0.125,0.9674124800755652,0.057692307692307696,0.05263157894736842,0.9613603654339529,0.08333333333333333,0.744270205066345,1.0,1.0,0.08888888888888889,0.3333333333333333,0.13962264150943396,0.1507537688442211
Vehicle_10,8389637,593,0.14473684210526316,0.15151515151515152,1e-20,1e-20,0.9674124800755652,0.0625,0.14285714285714285,0.9613603654339529,1e-20,1e-20,1e-20,1e-20,0.043478260869565216,1e-20,0.23030303030303031,0.20522388059701493,0.14473684210526316,0.15151515151515152,0.5,0.5,0.9674124800755652,0.0625,0.14285714285714285,0.9613603654339529,0.3333333333333333,0.744270205066345,0.5,0.5,0.043478260869565216,1.0,0.23030303030303031,0.20522388059701493
Vehicle_10,8389637,594,0.07058823529411765,0.2909090909090909,1e-20,1e-20,0.9674124800755652,0.21100917431192662,0.16326530612244897,0.9613603654339529,1e-20,1e-20,1e-20,0.0008561428247677083,0.07246376811594203,1e-20,0.14361702127659576,0.11388888888888889,0.07058823529411765,0.2909090909090909,0.125,0.3333333333333333,0.9674124800755652,0.21100917431192662,0.16326530612244897,0.9613603654339529,0.08333333333333333,0.744270205066345,0.2,1.0,0.07246376811594203,0.5,0.14361702127659576,0.11388888888888889
Vehicle_10,8389637,595,0.026845637583892617,0.045454545454545456,1e-20,1e-20,0.9674124800755652,0.0436046511627907,0.03067484662576687,0.9613603654339529,1e-20,1e-20,1e-20,1e-20,0.04918032786885246,1e-20,0.05172413793103448,0.04020100502512563,0.026845637583892617,0.045454545454545456,0.14285714285714285,0.25,0.9674124800755652,0.0436046511627907,0.03067484662576687,0.9613603654339529,0.5,0.744270205066345,0.3333333333333333,0.5,0.04918032786885246,0.5,0.05172413793103448,0.04020100502512563
Vehicle_10,8389637,596,0.08571428571428572,1e-20,1e-20,1e-20,0.9674124800755652,0.06622516556291391,0.10144927536231885,0.9613603654339529,0.3333333333333333,1e-20,1e-20,1e-20,0.0392156862745098,1e-20,0.15555555555555556,0.09210526315789473,0.08571428571428572,0.038461538461538464,0.2,0.5,0.9674124800755652,0.06622516556291391,0.10144927536231885,0.9613603654339529,0.3333333333333333,0.744270205066345,0.5,0.5,0.0392156862745098,0.5,0.15555555555555556,0.09210526315789473
Vehicle_10,8389637,597,0.136986301369863,1e-20,0.1,1e-20,0.9674124800755652,1e-20,1e-20,0.9613603654339529,1e-20,1e-20,1e-20,0.002100067987812555,1e-20,1e-20,1e-20,1e-20,0.136986301369863,0.5,0.1,0.2,0.9674124800755652,0.008333333333333333,0.017241379310344827,0.9613603654339529,0.1,0.744270205066345,0.09090909090909091,0.25,0.020833333333333332,1.0,0.007462686567164179,0.008695652173913044
Vehicle_10,8389637,598,0.06666666666666667,1e-20,1e-20,1e-20,0.9674124800755652,1e-20,1e-20,0.03863963456604718,0.0392156862745098,1e-20,1e-20,1e-20,1e-20,1e-20,1e-20,1e-20,0.06666666666666667,0.05357142857142857,0.047619047619047616,0.09090909090909091,0.9674124800755652,0.125,0.5,0.03863963456604718,0.0392156862745098,0.744270205066345,0.14285714285714285,0.2,0.2,0.25,0.1111111111111111,0.041666666666666664
Vehicle_10,8389637,599,0.1482084690553746,1e-20,1e-20,1e-20,0.9674124800755652,1e-20,1e-20,0.8207282913165266,1e-20,1e-20,1e-20,1e-20,1e-20,1e-20,1e-20,0.09523809523809523,0.1482084690553746,1.0,0.16666666666666666,0.2222222222222222,0.9674124800755652,0.05,0.5,0.8207282913165266,0.02631578947368421,0.744270205066345,0.11764705882352941,0.1,0.045454545454545456,0.08333333333333333,0.5,0.09523809523809523
Vehicle_10,8389637,600,1e-20,0.002534968991897153,0.06666666666666667,0.07692307692307693,0.9674124800755652,1e-20,1e-20,0.9585474366846567,0.08333333333333333,1e-20,1e-20,1e-20,1e-20,1e-20,1e-20,0.07142857142857142,0.01764705882352941,1.0,0.06666666666666667,0.07692307692307693,0.9674124800755652,0.2,0.5,0.9585474366846567,0.08333333333333333,0.744270205066345,0.07692307692307693,0.5,0.09090909090909091,0.3333333333333333,0.2,0.07142857142857142
Vehicle_10,8389637,601,0.14583333333333334,1e-20,0.022222222222222223,1e-20,0.9674124800755652,0.3333333333333333,1e-20,0.9585474366846567,1e-20,1e-20,1e-20,1e-20,1e-20,1e-20,0.125,0.041666666666666664,0.14583333333333334,0.5,0.022222222222222223,0.041666666666666664,0.9674124800755652,0.3333333333333333,0.3333333333333333,0.9585474366846567,0.16666666666666666,0.744270205066345,0.25,1.0,0.5,1.0,0.125,0.041666666666666664
Vehicle_10,8389637,602,1e-20,0.08333333333333333,0.02631578947368421,0.05,0.9674124800755652,0.375,0.5,0.9585474366846567,0.07692307692307693,1e-20,1e-20,1e-20,1e-20,1e-20,1e-20,1e-20,0.029411764705882353,0.08333333333333333,0.02631578947368421,0.05,0.9674124800755652,0.375,0.5,0.9585474366846567,0.07692307692307693,0.744270205066345,0.16666666666666666,0.5,0.16666666666666666,1.0,0.07142857142857142,0.07407407407407407
Vehicle_10,8389637,603,0.058823529411764705,1e-20,0.02702702702702703,1e-20,0.9674124800755652,1e-20,1e-20,0.9585474366846567,1e-20,1e-20,1e-20,1e-20,1e-20,1e-20,0.2,0.10526315789473684,0.058823529411764705,0.2,0.02702702702702703,0.058823529411764705,0.9674124800755652,0.2857142857142857,0.3333333333333333,0.9585474366846567,0.043478260869565216,0.744270205066345,0.09090909090909091,0.3333333333333333,0.5,1.0,0.2,0.10526315789473684
Vehicle_10,8389637,604,0.10476190476190476,1e-20,0.018867924528301886,1e-20,0.9674124800755652,0.0007000226626041851,0.0002971319215370282,0.9585474366846567,1e-20,1e-20,0.047619047619047616,0.0009115403016644424,1e-20,0.0005439025004406618,0.09375,0.09615384615384616,0.10476190476190476,0.125,0.018867924528301886,0.047619047619047616,0.9674124800755652,0.16666666666666666,0.5,0.9585474366846567,0.08333333333333333,0.744270205066345,0.047619047619047616,1.0,0.5,0.5,0.09375,0.09615384615384616
Vehicle_10,8389637,605,0.014285714285714285,0.03636363636363636,0.034482758620689655,0.09090909090909091,0.9674124800755652,0.0012288167602548285,0.0005741193060206985,0.9585474366846567,1e-20,1e-20,1e-20,1e-20,1e-20,1e-20,1e-20,1e-20,0.014285714285714285,0.03636363636363636,0.034482758620689655,0.09090909090909091,0.9674124800755652,0.5,0.2,0.9585474366846567,0.1111111111111111,0.744270205066345,0.027777777777777776,0.3333333333333333,1.0,1.0,0.021739130434782608,0.009708737864077669
Vehicle_10,8389637,606,0.041666666666666664,0.23076923076923078,1e-20,1e-20,0.03258751992443474,1e-20,1e-20,0.9585474366846567,1e-20,1e-20,1e-20,1e-20,1e-20,1e-20,1e-20,1e-20,0.041666666666666664,0.23076923076923078,0.125,0.3333333333333333,0.03258751992443474,0.5,1.0,0.9585474366846567,0.14285714285714285,0.744270205066345,0.1111111111111111,0.5,0.2,1.0,0.07692307692307693,0.061224489795918366
Vehicle_10,8389637,607,0.06060606060606061,1e-20,1e-20,1e-20,0.8513274336283185,1e-20,1e-20,0.9585474366846567,1e-20,1e-20,1e-20,1e-20,1e-20,1e-20,1e-20,1e-20,0.06060606060606061,0.05,0.08333333333333333,0.5,0.8513274336283185,0.25,0.5,0.9585474366846567,0.06666666666666667,0.744270205066345,0.11764705882352941,1.0,0.16666666666666666,1.0,0.5,0.09090909090909091
Vehicle_10,8389637,608,0.06349206349206349,1e-20,0.0625,1e-20,0.9618592351505288,1e-20,1e-20,0.9585474366846567,1e-20,1e-20,1e-20,1e-20,1e-20,1e-20,1e-20,1e-20,0.06349206349206349,0.25,0.0625,0.3333333333333333,0.9618592351505288,0.16666666666666666,0.3333333333333333,0.9585474366846567,0.07692307692307693,0.744270205066345,0.1111111111111111,0.2,0.1,1.0,1.0,0.25
Vehicle_10,8389637,609,0.05223880597014925,1e-20,1e-20,0.0007000226626041851,0.9618592351505288,0.2222222222222222,1e-20,0.9585474366846567,1e-20,1e-20,1e-20,0.0016014906957419485,1e-20,0.5,1e-20,1e-20,0.05223880597014925,0.25,1.0,0.2,0.9618592351505288,0.2222222222222222,0.2,0.9585474366846567,0.045454545454545456,0.744270205066345,0.1111111111111111,1.0,0.05263157894736842,0.5,0.5,0.3333333333333333
Vehicle_10,8389637,610,0.06324110671936758,1e-20,0.002100067987812555,0.001082768866617984,0.9618592351505288,1e-20,1e-20,0.9585474366846567,0.2,1e-20,1e-20,1e-20,1e-20,1e-20,1e-20,1e-20,0.06324110671936758,0.5,0.3333333333333333,0.3333333333333333,0.9618592351505288,0.125,0.3333333333333333,0.9585474366846567,0.2,0.744270205066345,0.2,0.2,0.07692307692307693,0.2,0.3333333333333333,0.25
Vehicle_10,8389637,611,0.0738255033557047,1e-20,1e-20,1e-20,0.9618592351505288,1e-20,1e-20,0.9585474366846567,1e-20,1e-20,1e-20,1e-20,1e-20,0.00042807141238385414,1e-20,0.1111111111111111,0.0738255033557047,0.5,0.3333333333333333,0.5,0.9618592351505288,0.07692307692307693,0.2,0.9585474366846567,0.1111111111111111,0.744270205066345,0.3333333333333333,1.0,0.047619047619047616,0.5,0.25,0.1111111111111111
Vehicle_10,8389637,612,0.07058823529411765,1e-20,1e-20,1e-20,0.9618592351505288,0.09523809523809523,0.07692307692307693,0.9585474366846567,1e-20,1e-20,1e-20,0.00030216805580036765,0.16363636363636364,1e-20,0.04,0.03773584905660377,0.07058823529411765,0.5,0.25,1.0,0.9618592351505288,0.09523809523809523,0.07692307692307693,0.9585474366846567,0.09090909090909091,0.744270205066345,0.5,1.0,0.16363636363636364,1.0,0.04,0.03773584905660377
Vehicle_10,8389637,613,0.025157232704402517,1e-20,1e-20,1e-20,0.9618592351505288,0.28792569659442724,0.271523178807947,0.9585474366846567,1e-20,1e-20,0.0008359982877143505,1e-20,0.1306122448979592,1e-20,0.23076923076923078,0.21468926553672316,0.025157232704402517,0.14285714285714285,0.14285714285714285,0.5,0.9618592351505288,0.28792569659442724,0.271523178807947,0.9585474366846567,0.3333333333333333,0.744270205066345,0.3333333333333333,1.0,0.1306122448979592,1.0,0.23076923076923078,0.21468926553672316
Vehicle_10,8389637,614,0.15789473684210525,0.13333333333333333,1e-20,0.0004834688892805882,0.9618592351505288,0.08,0.0658682634730539,0.9585474366846567,0.0012388890287815073,1e-20,1e-20,1e-20,0.04534005037783375,0.0001410117593735049,0.12448132780082988,0.11567164179104478,0.15789473684210525,0.13333333333333333,1.0,0.5,0.9618592351505288,0.08,0.0658682634730539,0.9585474366846567,0.5,0.744270205066345,0.5,1.0,0.04534005037783375,1.0,0.12448132780082988,0.11567164179104478
Vehicle_10,8389637,615,0.011235955056179775,0.25,1e-20,1e-20,0.9618592351505288,0.21301775147928995,0.18421052631578946,0.9585474366846567,1e-20,1e-20,1e-20,0.00031224032432704653,0.0776255707762557,0.00012590335658348652,0.21428571428571427,0.22456140350877193,0.011235955056179775,0.25,0.2,0.2,0.9618592351505288,0.21301775147928995,0.18421052631578946,0.9585474366846567,0.25,0.744270205066345,0.5,1.0,0.0776255707762557,1.0,0.21428571428571427,0.22456140350877193
Vehicle_10,8389637,616,0.10344827586206896,0.2,1e-20,1e-20,0.9618592351505288,0.015826494724501757,0.015384615384615385,0.9585474366846567,0.16666666666666666,1e-20,0.0010525520610379473,0.00031224032432704653,0.07407407407407407,0.0002165537733235968,0.09375,0.09365558912386707,0.10344827586206896,0.2,0.14285714285714285,0.5,0.9618592351505288,0.015826494724501757,0.015384615384615385,0.9585474366846567,0.16666666666666666,0.744270205066345,1.0,0.5,0.07407407407407407,1.0,0.09375,0.09365558912386707
Vehicle_10,8389637,617,0.07878787878787878,0.2,1e-20,1e-20,0.9618592351505288,0.08843537414965986,0.06944444444444445,0.9585474366846567,0.08333333333333333,1e-20,1e-20,0.0004381436809105331,0.03278688524590164,0.00021151763906025734,0.11029411764705882,0.12063492063492064,0.07878787878787878,0.2,0.125,0.3333333333333333,0.9618592351505288,0.08843537414965986,0.06944444444444445,0.9585474366846567,0.08333333333333333,0.744270205066345,1.0,1.0,0.03278688524590164,1.0,0.11029411764705882,0.12063492063492064
Vehicle_10,8389637,618,0.061855670103092786,0.234375,1e-20,1e-20,0.9618592351505288,0.19662921348314608,0.19101123595505617,0.9585474366846567,1e-20,1e-20,1e-20,1e-20,0.10828025477707007,0.0005539747689673407,0.16981132075471697,0.15953307392996108,0.061855670103092786,0.234375,0.25,0.5,0.9618592351505288,0.19662921348314608,0.19101123595505617,0.9585474366846567,0.25,0.744270205066345,0.5,1.0,0.10828025477707007,1.0,0.16981132075471697,0.15953307392996108
Vehicle_10,8389637,619,0.046875,0.24444444444444444,1e-20,1e-20,0.9618592351505288,0.09145129224652088,0.11504424778761062,0.9585474366846567,1e-20,1e-20,1e-20,1e-20,0.09252669039145907,0.0002669151159569914,0.058823529411764705,0.04744525547445255,0.046875,0.24444444444444444,0.25,1.0,0.9618592351505288,0.09145129224652088,0.11504424778761062,0.9585474366846567,0.3333333333333333,0.744270205066345,0.5,1.0,0.09252669039145907,1.0,0.058823529411764705,0.04744525547445255
Vehicle_10,8389637,620,1e-20,0.07777777777777778,1e-20,1e-20,0.9618592351505288,0.06091370558375635,0.06593406593406594,0.9585474366846567,1e-20,1e-20,0.0006295167829174326,0.00030216805580036765,0.039285714285714285,0.0001007226852667892,0.08080808080808081,0.09876543209876543,0.029850746268656716,0.07777777777777778,0.16666666666666666,0.25,0.9618592351505288,0.06091370558375635,0.06593406593406594,0.9585474366846567,0.25,0.744270205066345,0.5,1.0,0.039285714285714285,1.0,0.08080808080808081,0.09876543209876543
Vehicle_10,8389637,621,0.09523809523809523,0.1276595744680851,0.0010223352554579106,0.0004834688892805882,0.9618592351505288,0.26262626262626265,0.12244897959183673,0.9585474366846567,0.0012338528945181678,1e-20,1e-20,0.000513685694860625,0.17254901960784313,0.0003474932641704228,0.2571428571428571,0.3284313725490196,0.09523809523809523,0.1276595744680851,1.0,1.0,0.9618592351505288,0.26262626262626265,0.12244897959183673,0.9585474366846567,1.0,0.744270205066345,1.0,0.5,0.17254901960784313,1.0,0.2571428571428571,0.3284313725490196
Vehicle_10,8389637,622,0.033112582781456956,0.1896551724137931,1e-20,0.00032734872711706495,0.9618592351505288,0.15910676901605025,0.14705882352941177,0.9585474366846567,0.002120212524865913,1e-20,1e-20,1e-20,0.11818825194621373,2.0144537053357832e-05,0.3157894736842105,0.328125,0.033112582781456956,0.1896551724137931,0.5,1.0,0.9618592351505288,0.15910676901605025,0.14705882352941177,0.9585474366846567,1.0,0.744270205066345,1.0,1.0,0.11818825194621373,1.0,0.3157894736842105,0.328125
Vehicle_10,8389637,623,0.11290322580645161,0.1509433962264151,1e-20,0.0002920957872736887,0.9618592351505288,0.08427672955974842,0.11286089238845144,0.9585474366846567,1e-20,1e-20,0.0010424797925112684,0.0006043361116007353,0.07368421052631578,0.00022662604185027572,0.13157894736842105,0.175,0.11290322580645161,0.1509433962264151,1.0,0.5,0.9618592351505288,0.08427672955974842,0.11286089238845144,0.9585474366846567,0.3333333333333333,0.744270205066345,1.0,1.0,0.07368421052631578,1.0,0.13157894736842105,0.175
Vehicle_10,8389637,624,0.05263157894736842,0.09195402298850575,1e-20,1e-20,0.9618592351505288,0.24110671936758893,0.22764227642276422,0.9585474366846567,1e-20,1e-20,0.0005287940976506434,1e-20,0.11587982832618025,0.00010575881953012865,0.1875,0.20454545454545456,0.05263157894736842,0.09195402298850575,0.16666666666666666,0.2,0.9618592351505288,0.24110671936758893,0.22764227642276422,0.9585474366846567,0.1,0.744270205066345,1.0,1.0,0.11587982832618025,1.0,0.1875,0.20454545454545456
Vehicle_10,8389637,625,0.06862745098039216,0.11224489795918367,1e-20,1e-20,0.9618592351505288,0.2120451693851945,0.19533527696793002,0.9585474366846567,1e-20,1e-20,0.0012388890287815073,0.0006194445143907537,0.15526315789473685,0.0003726739354871201,0.09411764705882353,0.10719754977029096,0.06862745098039216,0.11224489795918367,0.1111111111111111,0.25,0.9618592351505288,0.2120451693851945,0.19533527696793002,0.9585474366846567,0.043478260869565216,0.744270205066345,1.0,1.0,0.15526315789473685,1.0,0.09411764705882353,0.10719754977029096
Vehicle_10,8389637,626,0.022388059701492536,0.10810810810810811,1e-20,0.0004381436809105331,0.9618592351505288,0.0819081908190819,0.08278867102396514,0.9585474366846567,1e-20,1e-20,1e-20,1e-20,0.18397626112759644,0.00021151763906025734,0.18333333333333332,0.15771812080536912,0.022388059701492536,0.10810810810810811,1.0,1.0,0.9618592351505288,0.0819081908190819,0.08278867102396514,0.9585474366846567,0.16666666666666666,0.744270205066345,1.0,1.0,0.18397626112759644,1.0,0.18333333333333332,0.15771812080536912
Vehicle_10,8389637,627,0.02027027027027027,0.038461538461538464,1e-20,0.0005439025004406618,0.9618592351505288,0.08024691358024691,0.08737864077669903,0.9585474366846567,1e-20,1e-20,1e-20,0.000579155440284038,0.13641618497109825,0.00042807141238385414,0.15384615384615385,0.18118466898954705,0.02027027027027027,0.038461538461538464,0.3333333333333333,1.0,0.9618592351505288,0.08024691358024691,0.08737864077669903,0.9585474366846567,0.3333333333333333,0.744270205066345,0.3333333333333333,1.0,0.13641618497109825,0.5,0.15384615384615385,0.18118466898954705
Vehicle_10,8389637,628,0.1016949152542373,0.1896551724137931,1e-20,0.000513685694860625,0.9618592351505288,0.10631229235880399,0.11026615969581749,0.9585474366846567,1e-20,1e-20,1e-20,8.057814821343136e-05,0.09412955465587045,1e-20,0.22857142857142856,0.1715686274509804,0.1016949152542373,0.1896551724137931,1.0,0.5,0.9618592351505288,0.10631229235880399,0.11026615969581749,0.9585474366846567,0.2,0.744270205066345,1.0,1.0,0.09412955465587045,1.0,0.22857142857142856,0.1715686274509804
Vehicle_10,8389637,629,0.12727272727272726,0.08490566037735849,0.13333333333333333,0.25,0.9618592351505288,1e-20,1e-20,0.04145256331534326,0.07692307692307693,1e-20,0.0008259260191876716,0.0003072041900637071,0.001455604075691412,0.00015612016216352327,0.02247191011235955,0.023809523809523808,0.12727272727272726,0.08490566037735849,0.13333333333333333,0.25,0.9618592351505288,0.003236245954692557,0.006493506493506494,0.04145256331534326,0.07692307692307693,0.744270205066345,1.0,1.0,0.001455604075691412,1.0,0.02247191011235955,0.023809523809523808
Vehicle_10,8389637,630,0.16875,1e-20,0.18181818181818182,1e-20,0.9618592351505288,1e-20,1e-20,0.8008934269304403,0.14285714285714285,1e-20,0.0015863822929519302,0.0008913957646110845,1e-20,1e-20,0.03289473684210526,0.02875399361022364,0.16875,0.019230769230769232,0.18181818181818182,0.5,0.9618592351505288,0.3333333333333333,0.42857142857142855,0.8008934269304403,0.14285714285714285,0.744270205066345,1.0,1.0,0.041666666666666664,1.0,0.03289473684210526,0.02875399361022364
Vehicle_10,8389637,631,0.1,1e-20,1e-20,1e-20,0.9618592351505288,0.2,0.16666666666666666,0.9613603654339529,0.08,1e-20,1e-20,1e-20,1e-20,0.00037771006975045955,0.08823529411764706,0.0625,0.1,0.16666666666666666,0.14285714285714285,0.6666666666666666,0.9618592351505288,0.2,0.16666666666666666,0.9613603654339529,0.08,0.744270205066345,1.0,1.0,0.023255813953488372,1.0,0.08823529411764706,0.0625
Vehicle_10,8389637,632,0.09166666666666666,1e-20,1e-20,1e-20,0.9618592351505288,1e-20,1e-20,0.9613603654339529,1e-20,1e-20,0.25,0.0005287940976506434,1e-20,0.00035252939843376225,0.038461538461538464,0.01639344262295082,0.09166666666666666,0.07692307692307693,0.25,0.5,0.9618592351505288,0.05128205128205128,0.05263157894736842,0.9613603654339529,0.1111111111111111,0.744270205066345,0.25,1.0,0.07692307692307693,1.0,0.038461538461538464,0.01639344262295082
Vehicle_10,8389637,633,0.036585365853658534,1e-20,1e-20,1e-20,0.9618592351505288,0.014598540145985401,0.014705882352941176,0.9613603654339529,0.3333333333333333,1e-20,1e-20,1e-20,1e-20,1e-20,0.09734513274336283,0.11743772241992882,0.036585365853658534,0.16666666666666666,0.25,0.25,0.9618592351505288,0.014598540145985401,0.014705882352941176,0.9613603654339529,0.3333333333333333,0.744270205066345,0.2,0.5,0.04878048780487805,1.0,0.09734513274336283,0.11743772241992882
Vehicle_10,8389637,634,1e-20,0.16363636363636364,1e-20,1e-20,0.9618592351505288,0.043478260869565216,0.09090909090909091,0.9613603654339529,1e-20,1e-20,1e-20,1e-20,1e-20,1e-20,0.14130434782608695,0.1347517730496454,0.041666666666666664,0.16363636363636364,0.08333333333333333,0.25,0.9618592351505288,0.043478260869565216,0.09090909090909091,0.9613603654339529,0.05555555555555555,0.744270205066345,0.25,1.0,0.029411764705882353,1.0,0.14130434782608695,0.1347517730496454
Vehicle_10,8389637,635,0.04395604395604396,0.022727272727272728,0.125,1.0,0.9618592351505288,0.0625,1e-20,0.9613603654339529,1e-20,1e-20,0.0011029134036713419,0.00045325208370055144,1e-20,0.0003374209956437439,0.13793103448275862,0.2140077821011673,0.04395604395604396,0.022727272727272728,0.125,1.0,0.9618592351505288,0.0625,0.09090909090909091,0.9613603654339529,1.0,0.744270205066345,1.0,1.0,0.5,1.0,0.13793103448275862,0.2140077821011673
Vehicle_10,8389637,636,0.11320754716981132,0.03125,1e-20,1e-20,0.9618592351505288,0.21052631578947367,0.18181818181818182,0.9613603654339529,0.0005439025004406618,1e-20,0.00045325208370055144,1e-20,1e-20,4.028907410671568e-05,0.23703703703703705,0.232,0.11320754716981132,0.03125,0.5,0.5,0.9618592351505288,0.21052631578947367,0.18181818181818182,0.9613603654339529,0.5,0.744270205066345,1.0,1.0,0.3333333333333333,1.0,0.23703703703703705,0.232
Vehicle_10,8389637,637,0.28125,0.21428571428571427,0.0008259260191876716,0.0004079268753304963,0.9618592351505288,0.06493506493506493,1e-20,0.9613603654339529,1e-20,1e-20,0.000569083171757359,0.0002669151159569914,1e-20,6.546974542341297e-05,0.0962962962962963,0.11733333333333333,0.28125,0.21428571428571427,0.6666666666666666,0.5,0.9618592351505288,0.06493506493506493,0.05405405405405406,0.9613603654339529,0.5,0.744270205066345,1.0,1.0,0.1111111111111111,1.0,0.0962962962962963,0.11733333333333333
Vehicle_10,8389637,638,1e-20,0.10526315789473684,0.0015007680104751593,0.0007503840052375797,0.9618592351505288,0.014285714285714285,0.029411764705882353,0.9613603654339529,0.0021554654647092894,1e-20,0.0008662150932943872,0.00030216805580036765,0.18181818181818182,0.0001410117593735049,0.14388489208633093,0.14285714285714285,0.030303030303030304,0.10526315789473684,1.0,1.0,0.9618592351505288,0.014285714285714285,0.029411764705882353,0.9613603654339529,1.0,0.744270205066345,0.5,1.0,0.18181818181818182,1.0,0.14388489208633093,0.14285714285714285
Vehicle_10,8389637,639,0.14285714285714285,0.1891891891891892,0.0010575881953012868,0.0004834688892805882,0.9618592351505288,0.02,1e-20,0.9613603654339529,0.0025684284743031248,1e-20,1e-20,0.0009518293757711581,1e-20,0.0007856369450809558,1e-20,0.003367003367003367,0.14285714285714285,0.1891891891891892,1.0,1.0,0.9618592351505288,0.02,0.037037037037037035,0.9613603654339529,0.5,0.744270205066345,1.0,0.5,0.15789473684210525,1.0,0.03787878787878788,0.003367003367003367
Vehicle_10,8389637,640,0.13333333333333333,1e-20,1e-20,1e-20,0.9618592351505288,1e-20,1e-20,0.03863963456604718,1e-20,1e-20,1e-20,1e-20,1e-20,0.0010122629869312315,1e-20,1e-20,0.13333333333333333,0.014285714285714285,0.5,1.0,0.9618592351505288,0.125,0.6666666666666666,0.03863963456604718,0.5,0.744270205066345,0.3333333333333333,0.3333333333333333,0.2,1.0,0.058823529411764705,0.045454545454545456
Vehicle_10,8389637,641,0.02,0.25,1e-20,1e-20,0.9618592351505288,1e-20,1e-20,0.8207282913165266,1e-20,1e-20,1e-20,1e-20,1e-20,0.0015460932188452144,0.16666666666666666,0.029411764705882353,0.02,0.25,0.125,0.6666666666666666,0.9618592351505288,0.07692307692307693,1.0,0.8207282913165266,0.2,0.744270205066345,0.3333333333333333,1.0,0.3333333333333333,1.0,0.16666666666666666,0.029411764705882353
Vehicle_10,8389637,642,0.1095890410958904,1e-20,0.14285714285714285,0.5,0.9618592351505288,1e-20,1e-20,0.9585474366846567,1e-20,1e-20,1e-20,1e-20,1e-20,1e-20,1e-20,1e-20,0.1095890410958904,0.3333333333333333,0.14285714285714285,0.5,0.9618592351505288,0.14285714285714285,0.5,0.9585474366846567,0.25,0.744270205066345,0.2,1.0,0.16666666666666666,0.16666666666666666,0.25,0.08333333333333333
Vehicle_10,8389637,643,0.11904761904761904,0.001780513934784905,1e-20,1e-20,0.03814076484947111,1e-20,1e-20,0.9585474366846567,1e-20,1e-20,1e-20,1e-20,1e-20,1e-20,1e-20,1e-20,0.11904761904761904,1.0,1.0,1.0,0.03814076484947111,0.2,0.5,0.9585474366846567,0.25,0.744270205066345,0.3333333333333333,0.16666666666666666,0.05,0.1111111111111111,0.5,0.16666666666666666
Vehicle_10,8389637,644,0.04225352112676056,1e-20,0.00916576435927782,0.004754110744592451,0.8374371859296482,0.04,0.09090909090909091,0.9585474366846567,1e-20,1e-20,1e-20,1e-20,1e-20,1e-20,0.0070959131770453,1e-20,0.04225352112676056,1.0,1.0,0.5,0.8374371859296482,0.04,0.09090909090909091,0.9585474366846567,1.0,0.744270205066345,0.2,0.14285714285714285,0.06666666666666667,0.3333333333333333,1.0,0.07692307692307693
Vehicle_10,8389637,645,0.02531645569620253,0.003742097083276749,1e-20,1e-20,0.9674124800755652,1e-20,1e-20,0.04145256331534326,0.06666666666666667,1e-20,0.14285714285714285,1e-20,1e-20,1e-20,0.010777327323546446,1e-20,0.02531645569620253,1.0,0.3333333333333333,1.0,0.9674124800755652,0.16666666666666666,0.5,0.04145256331534326,0.06666666666666667,0.744270205066345,0.14285714285714285,0.3333333333333333,1.0,0.25,1.0,1.0
Vehicle_10,8389637,646,0.12796208530805686,0.002067206856487559,1e-20,1e-20,0.03258751992443474,1e-20,0.004240425049731826,0.8008934269304403,1e-20,1e-20,1e-20,1e-20,1e-20,1e-20,0.004794399818699166,1e-20,0.12796208530805686,1.0,0.18181818181818182,0.125,0.03258751992443474,0.3333333333333333,1.0,0.8008934269304403,0.03225806451612903,0.744270205066345,0.05555555555555555,0.16666666666666666,0.07692307692307693,0.1111111111111111,1.0,0.5
Vehicle_10,8389637,647,0.3606010016694491,0.002952434123499263,1e-20,0.0032382343313272733,0.8513274336283185,1e-20,1e-20,0.03863963456604718,0.024390243902439025,1e-20,1e-20,0.034482758620689655,1e-20,0.17647058823529413,1e-20,1e-20,0.3606010016694491,1.0,0.015384615384615385,1.0,0.8513274336283185,0.005,0.01020408163265306,0.03863963456604718,0.024390243902439025,0.744270205066345,0.0136986301369863,0.034482758620689655,0.023809523809523808,0.17647058823529413,0.5,0.017543859649122806
Vehicle_10,8389637,648,0.01669449081803005,0.002907166820072528,1e-20,1e-20,0.9618592351505288,1e-20,1e-20,0.8207282913165266,1e-20,1e-20,1e-20,1e-20,1e-20,0.07692307692307693,0.004401581346158688,1e-20,0.01669449081803005,1.0,0.25,0.5,0.9618592351505288,0.5,1.0,0.8207282913165266,0.021739130434782608,0.744270205066345,0.2,0.1111111111111111,1.0,0.07692307692307693,0.125,0.5
Vehicle_10,8389637,649,0.18181818181818182,0.0029725529250222565,1e-20,0.0041245939616750184,0.03814076484947111,1e-20,0.006803817389771611,0.9585474366846567,1e-20,1e-20,1e-20,1e-20,1e-20,1e-20,0.006098758592904087,1e-20,0.18181818181818182,1.0,0.3333333333333333,1.0,0.03814076484947111,1.0,1.0,0.9585474366846567,0.07692307692307693,0.744270205066345,1.0,0.1,0.125,0.1,1.0,1.0
Vehicle_10,8389637,650,0.0028222013170272815,0.0026607115014158607,0.001158310880568076,0.0005640470374940196,0.8374371859296482,0.1,0.05555555555555555,0.9585474366846567,1e-20,1e-20,1e-20,1e-20,0.022727272727272728,1e-20,0.006667841764661446,0.013743610404653389,0.0028222013170272815,1.0,1.0,1.0,0.8374371859296482,0.1,0.05555555555555555,0.9585474366846567,0.5,0.744270205066345,0.5,0.3333333333333333,0.022727272727272728,0.5,1.0,1.0
Vehicle_10,8389637,651,1e-20,0.002967523224641508,0.0018633696774356004,0.0008611789590310478,0.9674124800755652,0.05405405405405406,1e-20,0.9585474366846567,0.0024022360436129226,1e-20,1e-20,0.0006647697227608088,0.044444444444444446,1e-20,1e-20,1e-20,0.038461538461538464,1.0,0.5,0.5,0.9674124800755652,0.05405405405405406,0.2222222222222222,0.9585474366846567,1.0,0.744270205066345,0.25,1.0,0.044444444444444446,1.0,0.16666666666666666,0.07142857142857142
Vehicle_10,8389637,652,1e-20,1.0,0.0009316848387178002,0.0004985772920706066,0.9674124800755652,0.2235294117647059,0.23684210526315788,0.9585474366846567,0.0011079495379346814,1e-20,1e-20,1e-20,0.14356435643564355,1e-20,0.03225806451612903,0.056,0.5,1.0,1.0,1.0,0.9674124800755652,0.2235294117647059,0.23684210526315788,0.9585474366846567,1.0,0.744270205066345,0.5,1.0,0.14356435643564355,0.3333333333333333,0.03225806451612903,0.056
Vehicle_10,8389637,653,0.5,0.038461538461538464,0.0002920957872736887,0.00017122856495354165,0.9674124800755652,0.18803418803418803,0.19607843137254902,0.9585474366846567,0.0007352756024475612,1e-20,1e-20,1e-20,0.13641618497109825,9.065041674011028e-05,0.11278195488721804,0.18118466898954705,0.5,0.038461538461538464,1.0,1.0,0.9674124800755652,0.18803418803418803,0.19607843137254902,0.9585474366846567,1.0,0.744270205066345,1.0,1.0,0.13641618497109825,1.0,0.11278195488721804,0.18118466898954705
Vehicle_10,8389637,654,0.06451612903225806,0.07777777777777778,0.16666666666666666,0.25,0.9674124800755652,0.1654259718775848,0.0074211502782931356,0.04145256331534326,1e-20,1e-20,1e-20,1e-20,0.19838056680161945,6.546974542341297e-05,0.18571428571428572,0.3284313725490196,0.06451612903225806,0.07777777777777778,0.16666666666666666,0.25,0.9674124800755652,0.1654259718775848,0.0074211502782931356,0.04145256331534326,0.5,0.744270205066345,0.5,1.0,0.19838056680161945,1.0,0.18571428571428572,0.3284313725490196
Vehicle_10,8389637,655,0.087248322147651,0.16071428571428573,1e-20,1e-20,0.9674124800755652,0.08590308370044053,0.11627906976744186,0.8008934269304403,1e-20,1e-20,0.0005439025004406618,0.00017626469921688112,0.053497942386831275,4.532520837005514e-05,0.21311475409836064,0.175,0.087248322147651,0.16071428571428573,0.5,0.6666666666666666,0.9674124800755652,0.08590308370044053,0.11627906976744186,0.8008934269304403,0.2,0.744270205066345,1.0,1.0,0.053497942386831275,1.0,0.21311475409836064,0.175
Vehicle_10,8389637,656,0.2631578947368421,0.09259259259259259,0.00022158990758693628,0.00013597562511016544,0.9674124800755652,0.01694915254237288,0.02553191489361702,0.9613603654339529,1e-20,1e-20,1e-20,1e-20,0.022792022792022793,3.0216805580036753e-05,0.296875,0.2159090909090909,0.2631578947368421,0.09259259259259259,0.25,0.5,0.9674124800755652,0.01694915254237288,0.02553191489361702,0.9613603654339529,0.3333333333333333,0.744270205066345,0.2,1.0,0.022792022792022793,1.0,0.296875,0.2159090909090909
Vehicle_10,8389637,657,0.08292682926829269,0.13333333333333333,1e-20,1e-20,0.9674124800755652,0.11224489795918367,0.09433962264150944,0.9613603654339529,1e-20,1e-20,1e-20,0.0004633243522272304,0.075,0.00021151763906025734,0.175,0.21140939597315436,0.08292682926829269,0.13333333333333333,1.0,1.0,0.9674124800755652,0.11224489795918367,0.09433962264150944,0.9613603654339529,1.0,0.744270205066345,1.0,1.0,0.075,1.0,0.175,0.21140939597315436
Vehicle_10,8389637,658,1e-20,0.14942528735632185,0.0012942865056782414,0.0006295167829174326,0.9674124800755652,0.19617224880382775,0.1841541755888651,0.9613603654339529,0.0021554654647092894,1e-20,0.0007403117367109007,0.0003626016669604412,0.023668639053254437,0.0002417344446402941,0.2695035460992908,0.2819767441860465,0.01282051282051282,0.14942528735632185,1.0,1.0,0.9674124800755652,0.19617224880382775,0.1841541755888651,0.9613603654339529,1.0,0.744270205066345,1.0,1.0,0.023668639053254437,1.0,0.2695035460992908,0.2819767441860465
Vehicle_10,8389637,659,0.2,0.15625,0.0039181124568781,0.0019489839599123712,0.9674124800755652,0.18282828282828284,0.1781305114638448,0.9613603654339529,1e-20,1e-20,1e-20,1e-20,0.11743772241992882,0.0009165764359277818,0.09929078014184398,0.08284883720930232,0.2,0.15625,1.0,1.0,0.9674124800755652,0.18282828282828284,0.1781305114638448,0.9613603654339529,1.0,0.744270205066345,0.3333333333333333,0.5,0.11743772241992882,1.0,0.09929078014184398,0.08284883720930232
Vehicle_10,8389637,660,0.125,0.011494252873563218,0.002397199909349583,0.001279178102888223,0.9674124800755652,0.2647058823529412,0.27056962025316456,0.9613603654339529,0.0038173897716113113,1e-20,1e-20,1e-20,0.07344632768361582,1e-20,0.19852941176470587,0.20437956204379562,0.125,0.011494252873563218,1.0,1.0,0.9674124800755652,0.2647058823529412,0.27056962025316456,0.9613603654339529,0.5,0.744270205066345,1.0,1.0,0.07344632768361582,1.0,0.19852941176470587,0.20437956204379562
Vehicle_10,8389637,661,0.017857142857142856,0.045454545454545456,1e-20,1e-20,0.9674124800755652,0.1566156615661566,0.15863141524105753,0.9613603654339529,1e-20,1e-20,1e-20,1e-20,0.09246575342465753,1e-20,0.1166077738515901,0.09967845659163987,0.017857142857142856,0.045454545454545456,0.041666666666666664,0.08333333333333333,0.9674124800755652,0.1566156615661566,0.15863141524105753,0.9613603654339529,0.030303030303030304,0.744270205066345,1.0,0.5,0.09246575342465753,1.0,0.1166077738515901,0.09967845659163987
Vehicle_10,8389637,662,0.004149377593360996,0.16071428571428573,0.16666666666666666,0.25,0.9674124800755652,0.0854788877445932,0.09854014598540146,0.9613603654339529,1e-20,1e-20,1e-20,1e-20,0.1277258566978193,1e-20,0.0915032679738562,0.0670926517571885,0.004149377593360996,0.16071428571428573,0.16666666666666666,0.25,0.9674124800755652,0.0854788877445932,0.09854014598540146,0.9613603654339529,0.14285714285714285,0.744270205066345,0.3333333333333333,1.0,0.1277258566978193,1.0,0.0915032679738562,0.0670926517571885
Vehicle_10,8389637,663,0.1864406779661017,0.023529411764705882,1e-20,1e-20,0.9674124800755652,0.03755868544600939,0.02100840336134454,0.9613603654339529,1e-20,1e-20,1e-20,1e-20,0.043121149897330596,0.0002719512502203309,0.075,0.09523809523809523,0.1864406779661017,0.023529411764705882,0.5,0.3333333333333333,0.9674124800755652,0.03755868544600939,0.02100840336134454,0.9613603654339529,0.5,0.744270205066345,0.3333333333333333,0.5,0.043121149897330596,1.0,0.075,0.09523809523809523
Vehicle_10,8389637,664,0.1694915254237288,0.1724137931034483,1e-20,0.0004834688892805882,0.9674124800755652,0.09433962264150944,0.0625,0.03863963456604718,1e-20,1e-20,1e-20,1e-20,0.13278008298755187,6.546974542341297e-05,0.125,0.33540372670807456,0.1694915254237288,0.1724137931034483,1.0,1.0,0.9674124800755652,0.09433962264150944,0.0625,0.03863963456604718,0.5,0.744270205066345,1.0,1.0,0.13278008298755187,1.0,0.125,0.33540372670807456
Vehicle_10,8389637,665,0.08860759493670886,0.14285714285714285,1e-20,1e-20,0.9674124800755652,0.13725490196078433,0.18604651162790697,0.8207282913165266,1e-20,1e-20,0.0009669377785611764,0.0005187218291239645,0.11818825194621373,0.00017626469921688112,0.13043478260869565,0.175,0.08860759493670886,0.14285714285714285,1.0,1.0,0.9674124800755652,0.13725490196078433,0.18604651162790697,0.8207282913165266,0.3333333333333333,0.744270205066345,1.0,1.0,0.11818825194621373,1.0,0.13043478260869565,0.175
Vehicle_10,8389637,666,0.125,0.09615384615384616,1e-20,1e-20,0.9674124800755652,0.009795918367346938,0.0055248618784530384,0.9585474366846567,1e-20,1e-20,1e-20,0.00031224032432704653,0.00935672514619883,8.561428247677081e-05,0.1111111111111111,0.10227272727272728,0.125,0.09615384615384616,0.2222222222222222,0.5,0.9674124800755652,0.009795918367346938,0.0055248618784530384,0.9585474366846567,0.25,0.744270205066345,1.0,1.0,0.00935672514619883,1.0,0.1111111111111111,0.10227272727272728
Vehicle_10,8389637,667,0.03076923076923077,0.08823529411764706,1e-20,1e-20,0.9674124800755652,0.05405405405405406,0.08,0.9585474366846567,1e-20,1e-20,1e-20,0.0003223125928537255,0.013157894736842105,0.00010575881953012865,0.07563025210084033,0.12167300380228137,0.03076923076923077,0.08823529411764706,0.2222222222222222,0.5,0.9674124800755652,0.05405405405405406,0.08,0.9585474366846567,0.125,0.744270205066345,0.5,1.0,0.013157894736842105,1.0,0.07563025210084033,0.12167300380228137
Vehicle_10,8389637,668,0.05,0.11904761904761904,1e-20,1e-20,0.9674124800755652,0.14836795252225518,0.17261904761904762,0.9585474366846567,0.058823529411764705,1e-20,0.0006496613199707904,0.0001813008334802206,0.08465608465608465,7.55420139500919e-05,0.11290322580645161,0.134185303514377,0.05,0.11904761904761904,0.2222222222222222,0.5,0.9674124800755652,0.14836795252225518,0.17261904761904762,0.9585474366846567,0.058823529411764705,0.744270205066345,1.0,0.5,0.08465608465608465,1.0,0.11290322580645161,0.134185303514377
Vehicle_10,8389637,669,0.05384615384615385,0.21875,0.058823529411764705,0.1111111111111111,0.9674124800755652,0.05539358600583091,0.05637982195845697,0.9585474366846567,0.1,1e-20,0.0009367209729811397,0.00044317981517387256,0.0912863070539419,0.0002669151159569914,0.1079136690647482,0.10153846153846154,0.05384615384615385,0.21875,0.058823529411764705,0.1111111111111111,0.9674124800755652,0.05539358600583091,0.05637982195845697,0.9585474366846567,0.1,0.744270205066345,0.3333333333333333,0.5,0.0912863070539419,1.0,0.1079136690647482,0.10153846153846154
Vehicle_10,8389637,670,0.0898876404494382,0.1076923076923077,0.125,0.2,0.9674124800755652,0.05063291139240506,0.08823529411764706,0.9585474366846567,1e-20,1e-20,1e-20,0.0002568428474303125,1e-20,8.057814821343136e-05,0.10569105691056911,0.0916030534351145,0.0898876404494382,0.1076923076923077,0.125,0.2,0.9674124800755652,0.05063291139240506,0.08823529411764706,0.9585474366846567,0.09090909090909091,0.744270205066345,1.0,1.0,0.023255813953488372,1.0,0.10569105691056911,0.0916030534351145
Vehicle_10,8389637,671,0.1348314606741573,0.1388888888888889,1e-20,1e-20,0.9674124800755652,0.13793103448275862,0.038461538461538464,0.9585474366846567,1e-20,1e-20,0.0007403117367109007,1e-20,0.0967741935483871,0.0001410117593735049,0.14942528735632185,0.12626262626262627,0.1348314606741573,0.1388888888888889,0.125,0.2,0.9674124800755652,0.13793103448275862,0.038461538461538464,0.9585474366846567,0.125,0.744270205066345,1.0,0.5,0.0967741935483871,1.0,0.14942528735632185,0.12626262626262627
Vehicle_10,8389637,672,0.014598540145985401,0.1956521739130435,0.0005992999773373958,0.0003323848613804044,0.9674124800755652,0.05851063829787234,0.030303030303030304,0.9585474366846567,1e-20,1e-20,0.0009467932415078185,1e-20,0.02127659574468085,0.0002719512502203309,0.08695652173913043,0.13257575757575757,0.014598540145985401,0.1956521739130435,0.3333333333333333,0.5,0.9674124800755652,0.05851063829787234,0.030303030303030304,0.9585474366846567,0.16666666666666666,0.744270205066345,0.5,1.0,0.02127659574468085,1.0,0.08695652173913043,0.13257575757575757
Vehicle_10,8389637,673,1e-20,0.09090909090909091,1e-20,0.0006849142598141666,0.9674124800755652,1e-20,1e-20,0.9585474366846567,1e-20,1e-20,1e-20,1e-20,1e-20,1e-20,0.07894736842105263,0.08550185873605948,0.1,0.09090909090909091,0.5,0.5,0.9674124800755652,0.021052631578947368,0.175,0.9585474366846567,0.09090909090909091,0.744270205066345,1.0,1.0,0.017857142857142856,1.0,0.07894736842105263,0.08550185873605948
Vehicle_10,8389637,674,0.027972027972027972,0.027777777777777776,1e-20,1e-20,0.9674124800755652,0.1111111111111111,0.06666666666666667,0.9585474366846567,1e-20,1e-20,1e-20,0.00026187898169365194,0.08333333333333333,2.5180671316697293e-05,0.0625,0.06770833333333333,0.027972027972027972,0.027777777777777776,0.25,1.0,0.9674124800755652,0.1111111111111111,0.06666666666666667,0.9585474366846567,0.25,0.744270205066345,1.0,1.0,0.08333333333333333,1.0,0.0625,0.06770833333333333
Vehicle_10,8389637,675,0.17777777777777778,0.1875,0.0006144083801274142,0.00028705965301034924,0.9674124800755652,1e-20,1e-20,0.9585474366846567,0.001792863797748848,1e-20,0.0013093949084682598,0.0005287940976506434,0.0625,0.00031224032432704653,0.046875,0.0392156862745098,0.17777777777777778,0.1875,0.2,1.0,0.9674124800755652,0.058823529411764705,0.2,0.9585474366846567,1.0,0.744270205066345,0.5,1.0,0.0625,1.0,0.046875,0.0392156862745098
Vehicle_10,8389637,676,0.008771929824561403,0.1276595744680851,1e-20,1e-20,0.9674124800755652,0.07017543859649122,0.03125,0.9585474366846567,1e-20,1e-20,0.0016317075013219853,0.0006647697227608088,1e-20,0.0004985772920706066,0.08139534883720931,0.12315270935960591,0.008771929824561403,0.1276595744680851,1.0,1.0,0.9674124800755652,0.07017543859649122,0.03125,0.9585474366846567,0.5,0.744270205066345,1.0,1.0,0.058823529411764705,1.0,0.08139534883720931,0.12315270935960591
Vehicle_10,8389637,677,0.23529411764705882,0.061224489795918366,0.0010575881953012868,0.000569083171757359,0.9674124800755652,0.02564102564102564,0.05555555555555555,0.9585474366846567,0.0031526200488505023,1e-20,1e-20,1e-20,0.038461538461538464,1e-20,0.11764705882352941,0.15272727272727274,0.23529411764705882,0.061224489795918366,0.5,1.0,0.9674124800755652,0.02564102564102564,0.05555555555555555,0.9585474366846567,1.0,0.744270205066345,0.6666666666666666,1.0,0.038461538461538464,1.0,0.11764705882352941,0.15272727272727274
Vehicle_10,8389637,678,0.041666666666666664,0.11764705882352941,0.0625,1e-20,0.9674124800755652,0.029304029304029304,0.034013605442176874,0.9585474366846567,0.03125,1e-20,1e-20,1e-20,0.011235955056179775,1e-20,0.1297709923664122,0.09740259740259741,0.041666666666666664,0.11764705882352941,0.0625,0.25,0.9674124800755652,0.029304029304029304,0.034013605442176874,0.9585474366846567,0.03125,0.744270205066345,0.25,1.0,0.011235955056179775,1.0,0.1297709923664122,0.09740259740259741
Vehicle_10,8389637,679,0.1759656652360515,0.04,0.2222222222222222,0.2,0.9674124800755652,0.17647058823529413,0.11363636363636363,0.9585474366846567,1e-20,1e-20,1e-20,1e-20,0.06896551724137931,1e-20,0.13793103448275862,0.11949685534591195,0.1759656652360515,0.04,0.2222222222222222,0.2,0.9674124800755652,0.17647058823529413,0.11363636363636363,0.9585474366846567,0.1111111111111111,0.744270205066345,0.2,0.5,0.06896551724137931,0.5,0.13793103448275862,0.11949685534591195
Vehicle_10,8389637,680,0.2182410423452769,0.13636363636363635,0.13636363636363635,0.125,0.9674124800755652,1e-20,1e-20,0.9585474366846567,0.038461538461538464,1e-20,1e-20,1e-20,1e-20,1e-20,1e-20,0.010638297872340425,0.2182410423452769,0.13636363636363635,0.13636363636363635,0.125,0.9674124800755652,0.02531645569620253,0.0273972602739726,0.9585474366846567,0.038461538461538464,0.744270205066345,0.5,1.0,0.02857142857142857,1.0,0.024691358024691357,0.010638297872340425
Vehicle_10,8389637,681,0.05211726384364821,0.05555555555555555,0.09523809523809523,0.1,0.9674124800755652,1e-20,1e-20,0.9585474366846567,1e-20,1e-20,1e-20,0.0007503840052375797,1e-20,0.3333333333333333,1e-20,1e-20,0.05211726384364821,0.05555555555555555,0.09523809523809523,0.1,0.9674124800755652,0.2,0.2,0.9585474366846567,0.05555555555555555,0.744270205066345,0.16666666666666666,1.0,0.3333333333333333,0.3333333333333333,0.07692307692307693,0.07407407407407407
Vehicle_10,8389637,682,0.1282051282051282,1e-20,0.037037037037037035,0.07142857142857142,0.9674124800755652,1e-20,1e-20,0.9585474366846567,1e-20,1e-20,1e-20,1e-20,0.034482758620689655,1e-20,0.029411764705882353,0.07575757575757576,0.1282051282051282,0.14285714285714285,0.037037037037037035,0.07142857142857142,0.9674124800755652,0.05555555555555555,0.09090909090909091,0.9585474366846567,0.041666666666666664,0.744270205066345,0.25,0.3333333333333333,0.034482758620689655,0.2,0.029411764705882353,0.07575757575757576
Vehicle_10,8389637,683,0.021505376344086023,0.05555555555555555,1e-20,1e-20,0.9674124800755652,0.037037037037037035,0.06666666666666667,0.9585474366846567,1e-20,1e-20,1e-20,0.0008913957646110845,1e-20,1e-20,0.02564102564102564,0.023809523809523808,0.021505376344086023,0.05555555555555555,0.047619047619047616,0.1111111111111111,0.9674124800755652,0.037037037037037035,0.06666666666666667,0.9585474366846567,0.07142857142857142,0.744270205066345,0.16666666666666666,0.3333333333333333,0.07142857142857142,1.0,0.02564102564102564,0.023809523809523808
Vehicle_10,8389637,684,0.07142857142857142,0.125,1e-20,1e-20,0.9674124800755652,1e-20,1e-20,0.9585474366846567,1e-20,1e-20,1e-20,1e-20,1e-20,1e-20,1e-20,0.017857142857142856,0.07142857142857142,0.125,0.05263157894736842,0.09090909090909091,0.9674124800755652,0.18181818181818182,0.125,0.9585474366846567,0.037037037037037035,0.744270205066345,0.3333333333333333,1.0,0.03571428571428571,0.25,0.2727272727272727,0.017857142857142856
Vehicle_10,8389637,685,0.10222222222222223,0.2,1e-20,1e-20,0.9674124800755652,0.1323529411764706,0.13513513513513514,0.9585474366846567,1e-20,1e-20,1e-20,1e-20,1e-20,1e-20,0.04,0.01818181818181818,0.10222222222222223,0.2,0.2,0.5,0.9674124800755652,0.1323529411764706,0.13513513513513514,0.9585474366846567,0.07142857142857142,0.744270205066345,1.0,0.5,0.08333333333333333,0.5,0.04,0.01818181818181818
Vehicle_10,8389637,686,0.12142857142857143,0.16666666666666666,1e-20,1e-20,0.9674124800755652,0.12280701754385964,0.13043478260869565,0.9585474366846567,0.07142857142857142,1e-20,1e-20,0.0006043361116007353,0.0196078431372549,0.0002820235187470098,0.05,0.05454545454545454,0.12142857142857143,0.16666666666666666,0.16666666666666666,0.25,0.9674124800755652,0.12280701754385964,0.13043478260869565,0.9585474366846567,0.07142857142857142,0.744270205066345,1.0,1.0,0.0196078431372549,1.0,0.05,0.05454545454545454
Vehicle_10,8389637,687,0.16022099447513813,1e-20,0.07142857142857142,0.09090909090909091,0.9674124800755652,0.07894736842105263,0.06862745098039216,0.9585474366846567,1e-20,1e-20,1e-20,1e-20,0.05825242718446602,1e-20,0.07407407407407407,0.07027027027027027,0.16022099447513813,0.18181818181818182,0.07142857142857142,0.09090909090909091,0.9674124800755652,0.07894736842105263,0.06862745098039216,0.9585474366846567,0.07692307692307693,0.744270205066345,0.3333333333333333,0.5,0.05825242718446602,1.0,0.07407407407407407,0.07027027027027027
Vehicle_10,8389637,688,0.05555555555555555,0.10204081632653061,0.045454545454545456,0.1111111111111111,0.9674124800755652,0.004219409282700422,1e-20,0.9585474366846567,1e-20,1e-20,1e-20,1e-20,0.038834951456310676,1e-20,0.03389830508474576,0.030418250950570342,0.05555555555555555,0.10204081632653061,0.045454545454545456,0.1111111111111111,0.9674124800755652,0.004219409282700422,0.0196078431372549,0.9585474366846567,0.1,0.744270205066345,0.5,0.3333333333333333,0.038834951456310676,1.0,0.03389830508474576,0.030418250950570342
Vehicle_10,8389637,689,0.008064516129032258,1e-20,1e-20,1e-20,0.9674124800755652,1e-20,1e-20,0.04145256331534326,1e-20,1e-20,1e-20,0.0009467932415078185,0.043478260869565216,0.0007806008108176164,1e-20,0.005952380952380952,0.008064516129032258,0.015873015873015872,0.125,0.16666666666666666,0.9674124800755652,0.041666666666666664,0.1111111111111111,0.04145256331534326,0.25,0.744270205066345,1.0,0.3333333333333333,0.043478260869565216,1.0,0.015384615384615385,0.005952380952380952
Vehicle_10,8389637,690,1e-20,1e-20,1e-20,1e-20,0.9674124800755652,1e-20,0.0030871503034270893,0.8008934269304403,1e-20,1e-20,1e-20,0.0009316848387178002,1e-20,0.0008561428247677083,1e-20,1e-20,0.0625,0.07692307692307693,1.0,1.0,0.9674124800755652,1.0,0.5,0.8008934269304403,0.5,0.744270205066345,1.0,1.0,0.03571428571428571,1.0,1.0,0.07142857142857142
Vehicle_10,8389637,691,1e-20,0.003390018056624367,1e-20,1e-20,0.9674124800755652,1e-20,1e-20,0.9613603654339529,1e-20,1e-20,1e-20,1e-20,1e-20,1e-20,1e-20,1e-20,0.10344827586206896,1.0,0.1111111111111111,0.07142857142857142,0.9674124800755652,0.5,1.0,0.9613603654339529,0.05263157894736842,0.744270205066345,1.0,0.2,0.16666666666666666,0.25,0.25,0.2222222222222222
Vehicle_10,8389637,692,0.031746031746031744,1e-20,1e-20,1e-20,0.9674124800755652,0.13333333333333333,1e-20,0.9613603654339529,0.05263157894736842,1e-20,1e-20,1e-20,1e-20,0.0007806008108176164,0.25,0.16666666666666666,0.031746031746031744,1.0,0.125,0.25,0.9674124800755652,0.13333333333333333,0.2,0.9613603654339529,0.05263157894736842,0.744270205066345,0.1,0.5,0.2,0.5,0.25,0.16666666666666666
Vehicle_10,8389637,693,0.03816793893129771,1e-20,0.037037037037037035,0.05263157894736842,0.9674124800755652,0.039473684210526314,1e-20,0.9613603654339529,0.038461538461538464,1e-20,1e-20,0.5,1e-20,0.5,0.04878048780487805,0.0650887573964497,0.03816793893129771,1.0,0.037037037037037035,0.05263157894736842,0.9674124800755652,0.039473684210526314,0.02857142857142857,0.9613603654339529,0.038461538461538464,0.744270205066345,0.125,0.5,0.03333333333333333,0.5,0.04878048780487805,0.0650887573964497
Vehicle_10,8389637,694,0.12142857142857143,0.1875,0.12,0.09090909090909091,0.9674124800755652,0.06976744186046512,0.1,0.9613603654339529,1e-20,1e-20,1e-20,1e-20,1e-20,1e-20,0.2112676056338028,0.20149253731343283,0.12142857142857143,0.1875,0.12,0.09090909090909091,0.9674124800755652,0.06976744186046512,0.1,0.9613603654339529,0.08333333333333333,0.744270205066345,0.2,1.0,0.2,0.5,0.2112676056338028,0.20149253731343283
Vehicle_10,8389637,695,0.11049723756906077,0.16363636363636364,0.03508771929824561,0.03125,0.9674124800755652,0.02127659574468085,1e-20,0.9613603654339529,1e-20,1e-20,1e-20,1e-20,1e-20,1e-20,0.03896103896103896,0.0379746835443038,0.11049723756906077,0.16363636363636364,0.03508771929824561,0.03125,0.9674124800755652,0.02127659574468085,0.03571428571428571,0.9613603654339529,0.07692307692307693,0.744270205066345,0.25,1.0,0.05263157894736842,0.5,0.03896103896103896,0.0379746835443038
Vehicle_10,8389637,696,0.022388059701492536,1e-20,1e-20,1e-20,0.9674124800755652,0.09523809523809523,1e-20,0.9613603654339529,1e-20,1e-20,1e-20,1e-20,1e-20,1e-20,1e-20,0.024390243902439025,0.022388059701492536,0.012048192771084338,0.0625,0.1111111111111111,0.9674124800755652,0.09523809523809523,0.16666666666666666,0.9613603654339529,0.2,0.744270205066345,0.058823529411764705,1.0,0.08333333333333333,0.5,0.022222222222222223,0.024390243902439025
Vehicle_10,8389637,697,0.046153846153846156,1e-20,1e-20,1e-20,0.9674124800755652,0.05263157894736842,1e-20,0.9613603654339529,1e-20,1e-20,1e-20,1e-20,1e-20,0.2,1e-20,0.05,0.046153846153846156,0.09090909090909091,0.5,0.5,0.9674124800755652,0.05263157894736842,0.2,0.9613603654339529,0.07142857142857142,0.744270205066345,0.5,0.3333333333333333,0.11764705882352941,0.2,0.1111111111111111,0.05
Vehicle_10,8389637,698,0.0963855421686747,1e-20,1e-20,1e-20,0.9674124800755652,0.09090909090909091,0.1,0.9613603654339529,0.08333333333333333,1e-20,1e-20,0.0010978772694080023,1e-20,1e-20,0.08823529411764706,0.13333333333333333,0.0963855421686747,0.2,0.16666666666666666,0.3333333333333333,0.9674124800755652,0.09090909090909091,0.1,0.9613603654339529,0.08333333333333333,0.744270205066345,0.16666666666666666,1.0,0.030303030303030304,0.5,0.08823529411764706,0.13333333333333333
Vehicle_10,8389637,699,0.011450381679389313,1e-20,1e-20,1e-20,0.9674124800755652,1e-20,1e-20,0.9613603654339529,1e-20,1e-20,1e-20,1e-20,1e-20,0.0013950091909450306,1e-20,1e-20,0.011450381679389313,0.03571428571428571,0.125,0.25,0.9674124800755652,0.014492753623188406,0.0967741935483871,0.9613603654339529,0.1111111111111111,0.744270205066345,0.3333333333333333,0.3333333333333333,0.022222222222222223,1.0,0.0037174721189591076,0.002421307506053269
Vehicle_10,8389637,700,0.058823529411764705,1e-20,1e-20,0.005403772064563241,0.9674124800755652,0.5,0.5,0.9613603654339529,0.14285714285714285,1e-20,1e-20,1e-20,1e-20,1e-20,1e-20,1e-20,0.058823529411764705,0.014084507042253521,1.0,0.3333333333333333,0.9674124800755652,0.5,0.5,0.9613603654339529,0.14285714285714285,0.744270205066345,0.5,0.5,0.1111111111111111,1.0,0.3333333333333333,0.16666666666666666
Vehicle_10,8389637,701,0.1038961038961039,0.0020621771561068107,1e-20,1e-20,0.03258751992443474,1e-20,1e-20,0.9613603654339529,0.25,1e-20,1e-20,1e-20,1e-20,1e-20,1e-20,1e-20,0.1038961038961039,0.5,0.3333333333333333,0.5,0.03258751992443474,0.1,0.16666666666666666,0.9613603654339529,0.25,0.744270205066345,0.125,1.0,0.5,0.5,1.0,0.5
Vehicle_10,8389637,702,0.2454212454212454,0.0031284736368254545,1e-20,0.0030317528265303554,0.8513274336283185,0.01098901098901099,1e-20,0.9613603654339529,1e-20,1e-20,1e-20,1e-20,1e-20,1e-20,0.005449097272933297,1e-20,0.2454212454212454,1.0,0.16666666666666666,1.0,0.8513274336283185,0.01098901098901099,0.020833333333333332,0.9613603654339529,0.16666666666666666,0.744270205066345,1.0,1.0,0.16666666666666666,1.0,0.5,0.2
Vehicle_10,8389637,703,0.02476780185758514,0.002937345022357018,1e-20,1e-20,0.9618592351505288,1e-20,1e-20,0.9613603654339529,1e-20,1e-20,0.0016317075013219853,0.0007050587968675245,0.006108830861430766,0.0005590109032306801,1e-20,1e-20,0.02476780185758514,1.0,0.5,0.5,0.9618592351505288,0.20833333333333334,0.3333333333333333,0.9613603654339529,0.25,0.744270205066345,1.0,1.0,1.0,1.0,0.5,0.2
Vehicle_10,8389637,704,0.03355704697986577,0.0026908897037003507,0.0023669831037695464,0.001203636088938131,0.9618592351505288,1e-20,1e-20,0.9613603654339529,0.0023518747009795282,1e-20,0.0013093949084682598,1e-20,0.006108830861430766,0.0002820235187470098,1e-20,1e-20,0.03355704697986577,1.0,1.0,1.0,0.9618592351505288,0.08333333333333333,0.2,0.9613603654339529,1.0,0.744270205066345,0.5,1.0,1.0,1.0,0.3333333333333333,0.16666666666666666
Vehicle_10,8389637,705,0.2033898305084746,1e-20,0.3333333333333333,1e-20,0.9618592351505288,0.022388059701492536,0.028985507246376812,0.9613603654339529,1e-20,1e-20,1e-20,1e-20,0.08108108108108109,1e-20,0.04424778761061947,0.07171314741035857,0.2033898305084746,1.0,0.3333333333333333,1.0,0.9618592351505288,0.022388059701492536,0.028985507246376812,0.9613603654339529,0.125,0.744270205066345,0.16666666666666666,1.0,0.08108108108108109,0.5,0.04424778761061947,0.07171314741035857
Vehicle_10,8389637,706,0.15172413793103448,0.22916666666666666,0.058823529411764705,0.1111111111111111,0.9618592351505288,0.17647058823529413,0.15384615384615385,0.9613603654339529,1e-20,1e-20,1e-20,1e-20,0.06666666666666667,1e-20,0.1956521739130435,0.18085106382978725,0.15172413793103448,0.22916666666666666,0.058823529411764705,0.1111111111111111,0.9618592351505288,0.17647058823529413,0.15384615384615385,0.9613603654339529,0.13333333333333333,0.744270205066345,0.25,0.5,0.06666666666666667,1.0,0.1956521739130435,0.18085106382978725
Vehicle_10,8389637,707,0.07751937984496124,0.21428571428571427,1e-20,1e-20,0.9618592351505288,0.013793103448275862,0.013157894736842105,0.9613603654339529,0.04,1e-20,0.0009014680331377635,1e-20,1e-20,0.00015612016216352327,0.011764705882352941,0.010752688172043012,0.07751937984496124,0.21428571428571427,0.11764705882352941,0.08333333333333333,0.9618592351505288,0.013793103448275862,0.013157894736842105,0.9613603654339529,0.04,0.744270205066345,0.5,1.0,0.043478260869565216,1.0,0.011764705882352941,0.010752688172043012
Vehicle_10,8389637,708,0.07092198581560284,1e-20,1e-20,1e-20,0.9618592351505288,0.09090909090909091,0.09090909090909091,0.9613603654339529,1e-20,1e-20,0.0006295167829174326,1e-20,1e-20,8.057814821343136e-05,0.08,0.05454545454545454,0.07092198581560284,0.017241379310344827,0.1,0.25,0.9618592351505288,0.09090909090909091,0.09090909090909091,0.9613603654339529,0.1111111111111111,0.744270205066345,0.5,0.5,0.04,1.0,0.08,0.05454545454545454
Vehicle_10,8389637,709,0.1282051282051282,0.2857142857142857,1e-20,1e-20,0.9618592351505288,1e-20,1e-20,0.9613603654339529,1e-20,1e-20,0.0007201671996575429,1e-20,0.05714285714285714,9.065041674011028e-05,0.11764705882352941,0.0967741935483871,0.1282051282051282,0.2857142857142857,0.3333333333333333,1.0,0.9618592351505288,0.06666666666666667,0.2,0.9613603654339529,0.2,0.744270205066345,0.5,1.0,0.05714285714285714,1.0,0.11764705882352941,0.0967741935483871
Vehicle_10,8389637,710,0.11538461538461539,1e-20,1e-20,1e-20,0.9618592351505288,0.3549180327868853,0.32945091514143093,0.9613603654339529,1e-20,1e-20,0.0010122629869312315,0.0005237579633873039,0.05555555555555555,0.0003223125928537255,0.12612612612612611,0.13333333333333333,0.11538461538461539,0.07142857142857142,0.2,1.0,0.9618592351505288,0.3549180327868853,0.32945091514143093,0.9613603654339529,0.125,0.744270205066345,1.0,1.0,0.05555555555555555,1.0,0.12612612612612611,0.13333333333333333
Vehicle_10,8389637,711,1e-20,0.18604651162790697,0.0005187218291239645,0.0002920957872736887,0.9618592351505288,0.022131147540983605,0.026622296173044926,0.9613603654339529,1e-20,1e-20,1e-20,0.0002920957872736887,0.04424778761061947,0.00012590335658348652,0.12195121951219512,0.0916030534351145,0.008928571428571428,0.18604651162790697,1.0,1.0,0.9618592351505288,0.022131147540983605,0.026622296173044926,0.9613603654339529,1.0,0.744270205066345,1.0,1.0,0.04424778761061947,1.0,0.12195121951219512,0.0916030534351145
Vehicle_10,8389637,712,0.04,0.08823529411764706,1e-20,1e-20,0.9618592351505288,0.0136986301369863,0.017241379310344827,0.9613603654339529,1e-20,1e-20,1e-20,1e-20,0.024390243902439025,0.00021151763906025734,0.056451612903225805,0.07755102040816327,0.04,0.08823529411764706,0.1111111111111111,0.3333333333333333,0.9618592351505288,0.0136986301369863,0.017241379310344827,0.9613603654339529,0.08333333333333333,0.744270205066345,0.5,1.0,0.024390243902439025,1.0,0.056451612903225805,0.07755102040816327
Vehicle_10,8389637,713,0.14893617021276595,0.03225806451612903,0.09090909090909091,0.14285714285714285,0.9618592351505288,1e-20,1e-20,0.03863963456604718,0.05263157894736842,1e-20,1e-20,1e-20,0.05263157894736842,0.00014604789363684435,1e-20,0.1044776119402985,0.14893617021276595,0.03225806451612903,0.09090909090909091,0.14285714285714285,0.9618592351505288,0.038461538461538464,0.14285714285714285,0.03863963456604718,0.05263157894736842,0.744270205066345,1.0,1.0,0.05263157894736842,1.0,0.03296703296703297,0.1044776119402985
Vehicle_10,8389637,714,0.13966480446927373,0.07142857142857142,0.14285714285714285,0.2,0.9618592351505288,0.2,1e-20,0.8207282913165266,1e-20,1e-20,0.0010525520610379473,0.0005338302319139828,0.014388489208633094,0.00017122856495354165,0.10526315789473684,0.07604562737642585,0.13966480446927373,0.07142857142857142,0.14285714285714285,0.2,0.9618592351505288,0.2,0.5,0.8207282913165266,0.1111111111111111,0.744270205066345,0.25,1.0,0.014388489208633094,1.0,0.10526315789473684,0.07604562737642585
Vehicle_10,8389637,715,0.06060606060606061,0.14285714285714285,1e-20,1e-20,0.9618592351505288,0.058823529411764705,0.2,0.9585474366846567,0.14285714285714285,1e-20,1e-20,0.0004230352781205147,0.04,0.0002467705789036336,0.2,0.12080536912751678,0.06060606060606061,0.14285714285714285,1.0,1.0,0.9618592351505288,0.058823529411764705,0.2,0.9585474366846567,0.14285714285714285,0.744270205066345,0.5,1.0,0.04,1.0,0.2,0.12080536912751678
Vehicle_10,8389637,716,0.016129032258064516,0.04878048780487805,1e-20,1e-20,0.9618592351505288,0.045081967213114756,0.04383116883116883,0.9585474366846567,1e-20,1e-20,1e-20,1e-20,0.04912280701754386,0.00035252939843376225,0.08837209302325581,0.09443099273607748,0.016129032258064516,0.04878048780487805,0.14285714285714285,0.5,0.9618592351505288,0.045081967213114756,0.04383116883116883,0.9585474366846567,0.05263157894736842,0.744270205066345,0.25,1.0,0.04912280701754386,1.0,0.08837209302325581,0.09443099273607748
Vehicle_10,8389637,717,0.025,0.1346153846153846,1e-20,1e-20,0.9618592351505288,0.029850746268656716,0.024793388429752067,0.9585474366846567,1e-20,1e-20,1e-20,0.0006194445143907537,0.029411764705882353,0.0003726739354871201,0.08035714285714286,0.05416666666666667,0.025,0.1346153846153846,0.3333333333333333,1.0,0.9618592351505288,0.029850746268656716,0.024793388429752067,0.9585474366846567,0.3333333333333333,0.744270205066345,0.5,1.0,0.029411764705882353,1.0,0.08035714285714286,0.05416666666666667
Vehicle_10,8389637,718,0.038461538461538464,0.0392156862745098,1e-20,1e-20,0.9618592351505288,0.09375,0.06896551724137931,0.9585474366846567,1e-20,1e-20,0.0009367209729811397,1e-20,0.03333333333333333,1e-20,0.07368421052631578,0.0945273631840796,0.038461538461538464,0.0392156862745098,0.11764705882352941,0.1111111111111111,0.9618592351505288,0.09375,0.06896551724137931,0.9585474366846567,0.05263157894736842,0.744270205066345,0.25,1.0,0.03333333333333333,1.0,0.07368421052631578,0.0945273631840796
Vehicle_10,8389637,719,1e-20,1e-20,1e-20,1e-20,0.9618592351505288,0.11504424778761062,0.02631578947368421,0.04145256331534326,1e-20,1e-20,1e-20,1e-20,0.08,0.0001913731020068995,0.03571428571428571,0.13664596273291926,0.010416666666666666,0.1,0.07692307692307693,0.1,0.9618592351505288,0.11504424778761062,0.02631578947368421,0.04145256331534326,0.16666666666666666,0.744270205066345,0.3333333333333333,0.5,0.08,0.5,0.03571428571428571,0.13664596273291926
Vehicle_10,8389637,720,1e-20,0.09090909090909091,1e-20,1e-20,0.9618592351505288,0.03776683087027915,0.11363636363636363,0.8008934269304403,1e-20,1e-20,1e-20,1e-20,0.02666666666666667,0.00035252939843376225,0.09090909090909091,0.10227272727272728,0.041666666666666664,0.09090909090909091,0.2857142857142857,0.5,0.9618592351505288,0.03776683087027915,0.11363636363636363,0.8008934269304403,0.13333333333333333,0.744270205066345,0.16666666666666666,0.3333333333333333,0.02666666666666667,1.0,0.09090909090909091,0.10227272727272728
Vehicle_10,8389637,721,0.02197802197802198,0.046511627906976744,0.25,0.25,0.9618592351505288,0.1,0.08888888888888889,0.9613603654339529,1e-20,1e-20,1e-20,0.0005287940976506434,0.07547169811320754,0.00035252939843376225,0.07563025210084033,0.12167300380228137,0.02197802197802198,0.046511627906976744,0.25,0.25,0.9618592351505288,0.1,0.08888888888888889,0.9613603654339529,0.16666666666666666,0.744270205066345,1.0,1.0,0.07547169811320754,1.0,0.07563025210084033,0.12167300380228137
Vehicle_10,8389637,722,0.078125,0.06896551724137931,0.42857142857142855,0.25,0.9618592351505288,0.1518324607329843,0.13559322033898305,0.9613603654339529,0.18181818181818182,1e-20,1e-20,1e-20,0.11400651465798045,1e-20,0.21774193548387097,0.17891373801916932,0.078125,0.06896551724137931,0.42857142857142855,0.25,0.9618592351505288,0.1518324607329843,0.13559322033898305,0.9613603654339529,0.18181818181818182,0.744270205066345,0.3333333333333333,0.5,0.11400651465798045,1.0,0.21774193548387097,0.17891373801916932
Vehicle_10,8389637,723,0.14814814814814814,0.03571428571428571,1e-20,1e-20,0.9618592351505288,0.055456171735241505,0.04529616724738676,0.9613603654339529,1e-20,1e-20,1e-20,0.0008158537506609926,0.02912621359223301,1e-20,0.09003215434083602,0.09365558912386707,0.14814814814814814,0.03571428571428571,0.08333333333333333,0.16666666666666666,0.9618592351505288,0.055456171735241505,0.04529616724738676,0.9613603654339529,0.1,0.744270205066345,0.5,0.5,0.02912621359223301,1.0,0.09003215434083602,0.09365558912386707
Vehicle_10,8389637,724,0.050955414012738856,0.07142857142857142,1e-20,0.0007503840052375797,0.9618592351505288,0.138328530259366,0.14754098360655737,0.9613603654339529,1e-20,1e-20,1e-20,1e-20,0.034653465346534656,0.00031224032432704653,0.15789473684210525,0.21587301587301588,0.050955414012738856,0.07142857142857142,0.3333333333333333,0.5,0.9618592351505288,0.138328530259366,0.14754098360655737,0.9613603654339529,0.09090909090909091,0.744270205066345,1.0,0.5,0.034653465346534656,1.0,0.15789473684210525,0.21587301587301588
Vehicle_10,8389637,725,0.03225806451612903,0.21875,1e-20,1e-20,0.9618592351505288,0.04452996151731721,0.03110273327049953,0.9613603654339529,1e-20,1e-20,1e-20,0.0003323848613804044,0.0778816199376947,1e-20,0.10699588477366255,0.07395498392282958,0.03225806451612903,0.21875,0.07692307692307693,0.14285714285714285,0.9618592351505288,0.04452996151731721,0.03110273327049953,0.9613603654339529,0.08333333333333333,0.744270205066345,1.0,0.5,0.0778816199376947,1.0,0.10699588477366255,0.07395498392282958
Vehicle_10,8389637,726,0.1864406779661017,0.09433962264150944,1e-20,1e-20,0.9618592351505288,0.107981220657277,0.11764705882352941,0.9613603654339529,1e-20,1e-20,1e-20,0.0002568428474303125,0.04482758620689655,1e-20,0.0970873786407767,0.09876543209876543,0.1864406779661017,0.09433962264150944,0.5,1.0,0.9618592351505288,0.107981220657277,0.11764705882352941,0.9613603654339529,0.16666666666666666,0.744270205066345,0.5,0.25,0.04482758620689655,1.0,0.0970873786407767,0.09876543209876543
Vehicle_10,8389637,727,0.02857142857142857,0.07317073170731707,0.14285714285714285,0.25,0.9618592351505288,0.23819301848049282,0.2,0.9613603654339529,0.17647058823529413,1e-20,1e-20,0.0002920957872736887,0.16015625,0.00012590335658348652,0.21428571428571427,0.3284313725490196,0.02857142857142857,0.07317073170731707,0.14285714285714285,0.25,0.9618592351505288,0.23819301848049282,0.2,0.9613603654339529,0.17647058823529413,0.744270205066345,0.5,1.0,0.16015625,1.0,0.21428571428571427,0.3284313725490196
Vehicle_10,8389637,728,0.07317073170731707,0.07317073170731707,1e-20,1e-20,0.9618592351505288,0.015173410404624277,0.0093603744149766,0.9613603654339529,0.13636363636363635,1e-20,1e-20,0.00028705965301034924,0.020179372197309416,0.00012086722232014704,0.13131313131313133,0.175,0.07317073170731707,0.07317073170731707,0.21428571428571427,0.2,0.9618592351505288,0.015173410404624277,0.0093603744149766,0.9613603654339529,0.13636363636363635,0.744270205066345,0.5,1.0,0.020179372197309416,1.0,0.13131313131313133,0.175
Vehicle_10,8389637,729,0.09166666666666666,0.16923076923076924,0.06666666666666667,1e-20,0.9618592351505288,0.019867549668874173,1e-20,0.9613603654339529,0.08333333333333333,1e-20,0.0010072268526678922,0.0005640470374940196,0.015228426395939087,0.0002568428474303125,1e-20,0.017045454545454544,0.09166666666666666,0.16923076923076924,0.06666666666666667,0.2,0.9618592351505288,0.019867549668874173,0.06666666666666667,0.9613603654339529,0.08333333333333333,0.744270205066345,0.25,0.5,0.015228426395939087,1.0,0.015873015873015872,0.017045454545454544
Vehicle_10,8389637,730,0.07317073170731707,1e-20,1e-20,1e-20,0.9618592351505288,1e-20,1e-20,0.9613603654339529,1e-20,1e-20,0.0010072268526678922,0.0005237579633873039,0.006024096385542169,0.0003223125928537255,1e-20,0.012048192771084338,0.07317073170731707,0.017857142857142856,0.3333333333333333,1.0,0.9618592351505288,0.06451612903225806,0.15384615384615385,0.9613603654339529,0.2,0.744270205066345,1.0,1.0,0.006024096385542169,0.3333333333333333,0.09090909090909091,0.012048192771084338
Vehicle_10,8389637,731,0.11940298507462686,1e-20,1e-20,1e-20,0.9618592351505288,1e-20,1e-20,0.9613603654339529,1e-20,1e-20,1e-20,1e-20,1e-20,0.0002719512502203309,1e-20,1e-20,0.11940298507462686,0.09090909090909091,0.3333333333333333,1.0,0.9618592351505288,0.5,0.5,0.9613603654339529,0.16666666666666666,0.744270205066345,0.5,0.5,0.07692307692307693,1.0,0.1111111111111111,0.11428571428571428
Vehicle_10,8389637,732,0.007518796992481203,1e-20,0.14285714285714285,0.25,0.9618592351505288,0.5,1e-20,0.9613603654339529,1e-20,1e-20,1e-20,1e-20,1e-20,0.0002417344446402941,1e-20,1e-20,0.007518796992481203,0.3333333333333333,0.14285714285714285,0.25,0.9618592351505288,0.5,1.0,0.9613603654339529,0.05,0.744270205066345,0.3333333333333333,1.0,0.25,1.0,0.2,0.1111111111111111
Vehicle_10,8389637,733,0.189873417721519,1e-20,1e-20,1e-20,0.9618592351505288,1e-20,1e-20,0.9613603654339529,0.2,1e-20,1e-20,1e-20,1e-20,0.0001913731020068995,1e-20,1e-20,0.189873417721519,0.3333333333333333,0.03333333333333333,0.07692307692307693,0.9618592351505288,0.16666666666666666,0.5,0.9613603654339529,0.2,0.744270205066345,0.5,0.5,0.2,0.5,0.14285714285714285,0.029411764705882353
Vehicle_10,8389637,734,0.015625,1e-20,1e-20,1e-20,0.9618592351505288,1e-20,1e-20,0.9613603654339529,1e-20,1e-20,1e-20,1e-20,1e-20,0.00042807141238385414,1e-20,0.027777777777777776,0.015625,0.047619047619047616,0.16666666666666666,0.3333333333333333,0.9618592351505288,0.1111111111111111,0.16666666666666666,0.9613603654339529,0.043478260869565216,0.744270205066345,0.25,1.0,0.1111111111111111,1.0,0.058823529411764705,0.027777777777777776
Vehicle_10,8389637,735,0.05405405405405406,1e-20,1e-20,0.0013245033112582781,0.9618592351505288,0.04502807644851812,0.02102586054944225,0.03863963456604718,1e-20,1e-20,1e-20,0.0010978772694080023,1e-20,0.0008259260191876716,1e-20,1e-20,0.05405405405405406,0.25,0.3333333333333333,0.5,0.9618592351505288,1.0,1.0,0.03863963456604718,0.5,0.744270205066345,0.5,1.0,1.0,1.0,0.1111111111111111,0.041666666666666664
Vehicle_10,8389637,736,0.044444444444444446,0.003118414236063958,1e-20,1e-20,0.9618592351505288,0.10526315789473684,0.01623649686500642,0.8207282913165266,1e-20,1e-20,0.0010424797925112684,1e-20,0.023255813953488372,0.00022662604185027572,0.125,0.14606741573033707,0.044444444444444446,0.5,0.18181818181818182,0.14285714285714285,0.9618592351505288,0.10526315789473684,0.5,0.8207282913165266,0.1111111111111111,0.744270205066345,1.0,0.3333333333333333,0.023255813953488372,1.0,0.125,0.14606741573033707
Vehicle_10,8389637,737,0.013333333333333334,0.037037037037037035,1e-20,1e-20,0.9618592351505288,0.014545454545454545,0.02459016393442623,0.9585474366846567,1e-20,1e-20,0.0007403117367109007,0.0003626016669604412,0.0091324200913242,0.0002417344446402941,0.07547169811320754,0.08365019011406843,0.013333333333333334,0.037037037037037035,0.2,0.3333333333333333,0.9618592351505288,0.014545454545454545,0.02459016393442623,0.9585474366846567,0.2857142857142857,0.744270205066345,1.0,1.0,0.0091324200913242,1.0,0.07547169811320754,0.08365019011406843
Vehicle_10,8389637,738,0.1864406779661017,0.17857142857142858,1e-20,0.0004079268753304963,0.9618592351505288,0.025,0.041666666666666664,0.9585474366846567,0.3333333333333333,1e-20,1e-20,0.00031224032432704653,0.010416666666666666,8.561428247677081e-05,0.043478260869565216,0.06481481481481481,0.1864406779661017,0.17857142857142858,0.25,0.25,0.9618592351505288,0.025,0.041666666666666664,0.9585474366846567,0.3333333333333333,0.744270205066345,0.5,0.3333333333333333,0.010416666666666666,0.3333333333333333,0.043478260869565216,0.06481481481481481
Vehicle_10,8389637,739,0.10476190476190476,0.022727272727272728,1e-20,1e-20,0.9618592351505288,0.09523809523809523,0.09090909090909091,0.9585474366846567,1e-20,1e-20,1e-20,1e-20,0.1111111111111111,8.561428247677081e-05,0.08450704225352113,0.10303030303030303,0.10476190476190476,0.022727272727272728,0.3333333333333333,0.5,0.9618592351505288,0.09523809523809523,0.09090909090909091,0.9585474366846567,0.25,0.744270205066345,1.0,1.0,0.1111111111111111,1.0,0.08450704225352113,0.10303030303030303
Vehicle_10,8389637,740,0.05714285714285714,0.14285714285714285,1e-20,1e-20,0.9618592351505288,0.02564102564102564,1e-20,0.9585474366846567,1e-20,1e-20,1e-20,0.0008762873618210662,0.056338028169014086,0.0008007453478709743,0.14482758620689656,0.1590909090909091,0.05714285714285714,0.14285714285714285,0.4,0.5,0.9618592351505288,0.02564102564102564,0.024390243902439025,0.9585474366846567,0.058823529411764705,0.744270205066345,1.0,0.5,0.056338028169014086,1.0,0.14482758620689656,0.1590909090909091
Vehicle_10,8389637,741,0.012048192771084338,0.20454545454545456,1e-20,0.0007151310653942034,0.9618592351505288,0.10714285714285714,0.13333333333333333,0.9585474366846567,1e-20,1e-20,0.0011532747463047365,0.0006748419912874878,0.03571428571428571,1e-20,0.09550561797752809,0.09883720930232558,0.012048192771084338,0.20454545454545456,0.5,0.5,0.9618592351505288,0.10714285714285714,0.13333333333333333,0.9585474366846567,0.5,0.744270205066345,1.0,1.0,0.03571428571428571,1.0,0.09550561797752809,0.09883720930232558
Vehicle_10,8389637,742,1e-20,0.16363636363636364,1e-20,1e-20,0.9618592351505288,0.031746031746031744,1e-20,0.9585474366846567,0.1,1e-20,1e-20,1e-20,0.025806451612903226,1e-20,0.1,0.09523809523809523,0.04,0.16363636363636364,0.125,0.16666666666666666,0.9618592351505288,0.031746031746031744,0.05555555555555555,0.9585474366846567,0.1,0.744270205066345,0.5,0.5,0.025806451612903226,0.5,0.1,0.09523809523809523
Vehicle_10,8389637,743,0.026845637583892617,0.12121212121212122,1e-20,1e-20,0.9618592351505288,0.15298507462686567,0.1652892561983471,0.9585474366846567,1e-20,1e-20,0.001037443658247929,1e-20,0.04838709677419355,0.0002820235187470098,0.08333333333333333,0.10408921933085502,0.026845637583892617,0.12121212121212122,0.2222222222222222,0.25,0.9618592351505288,0.15298507462686567,0.1652892561983471,0.9585474366846567,0.14285714285714285,0.744270205066345,1.0,1.0,0.04838709677419355,1.0,0.08333333333333333,0.10408921933085502
Vehicle_10,8389637,744,0.014285714285714285,0.019230769230769232,1e-20,1e-20,0.9618592351505288,0.030418250950570342,0.040983606557377046,0.9585474366846567,1e-20,1e-20,1e-20,0.0009367209729811397,0.014705882352941176,0.0007050587968675245,0.10714285714285714,0.12083333333333333,0.014285714285714285,0.019230769230769232,0.09090909090909091,0.14285714285714285,0.9618592351505288,0.030418250950570342,0.040983606557377046,0.9585474366846567,0.058823529411764705,0.744270205066345,1.0,1.0,0.014705882352941176,1.0,0.10714285714285714,0.12083333333333333
Vehicle_10,8389637,745,0.06315789473684211,0.18181818181818182,0.05263157894736842,1e-20,0.9618592351505288,0.08843537414965986,0.06944444444444445,0.9585474366846567,0.11764705882352941,1e-20,1e-20,1e-20,0.014492753623188406,0.0006144083801274142,0.10714285714285714,0.10877192982456141,0.06315789473684211,0.18181818181818182,0.05263157894736842,0.1,0.9618592351505288,0.08843537414965986,0.06944444444444445,0.9585474366846567,0.11764705882352941,0.744270205066345,0.16666666666666666,1.0,0.014492753623188406,1.0,0.10714285714285714,0.10877192982456141
Vehicle_10,8389637,746,0.09782608695652174,0.06666666666666667,0.2,0.2,0.9618592351505288,0.19662921348314608,0.16853932584269662,0.9585474366846567,1e-20,1e-20,1e-20,1e-20,0.14074074074074075,1e-20,0.11029411764705882,0.12063492063492064,0.09782608695652174,0.06666666666666667,0.2,0.2,0.9618592351505288,0.19662921348314608,0.16853932584269662,0.9585474366846567,0.1111111111111111,0.744270205066345,0.25,0.25,0.14074074074074075,0.5,0.11029411764705882,0.12063492063492064
Vehicle_10,8389637,747,0.06936416184971098,0.1206896551724138,1e-20,1e-20,0.9618592351505288,0.35161744022503516,0.32081911262798635,0.9585474366846567,0.05555555555555555,1e-20,1e-20,1e-20,0.12224448897795591,1e-20,0.2641509433962264,0.2178988326848249,0.06936416184971098,0.1206896551724138,0.05555555555555555,0.1111111111111111,0.9618592351505288,0.35161744022503516,0.32081911262798635,0.9585474366846567,0.05555555555555555,0.744270205066345,0.16666666666666666,1.0,0.12224448897795591,1.0,0.2641509433962264,0.2178988326848249
Vehicle_10,8389637,748,0.11428571428571428,0.046875,1e-20,1e-20,0.9618592351505288,0.23097826086956522,0.2255892255892256,0.9585474366846567,1e-20,1e-20,0.000317276458590386,0.00015108402790018382,0.10420841683366733,3.525293984337622e-05,0.2695035460992908,0.2819767441860465,0.11428571428571428,0.046875,0.09090909090909091,0.14285714285714285,0.9618592351505288,0.23097826086956522,0.2255892255892256,0.9585474366846567,0.1,0.744270205066345,0.5,0.5,0.10420841683366733,1.0,0.2695035460992908,0.2819767441860465
Vehicle_10,8389637,749,0.013513513513513514,0.15384615384615385,1e-20,1e-20,0.9618592351505288,0.21212121212121213,0.22727272727272727,0.9585474366846567,1e-20,1e-20,0.0018633696774356004,0.00102737138972125,0.015909090909090907,0.0007957092136076347,0.1099290780141844,0.10319767441860465,0.013513513513513514,0.15384615384615385,0.5,1.0,0.9618592351505288,0.21212121212121213,0.22727272727272727,0.9585474366846567,0.3333333333333333,0.744270205066345,1.0,1.0,0.015909090909090907,1.0,0.1099290780141844,0.10319767441860465
Vehicle_10,8389637,750,1e-20,0.11842105263157894,1e-20,1e-20,0.9618592351505288,0.03137902559867878,0.036036036036036036,0.9585474366846567,1e-20,1e-20,0.0005892277088107169,0.0003223125928537255,0.04411764705882353,0.00014604789363684435,0.13675213675213677,0.1672473867595819,0.02127659574468085,0.11842105263157894,0.2222222222222222,0.16666666666666666,0.9618592351505288,0.03137902559867878,0.036036036036036036,0.9585474366846567,0.2,0.744270205066345,1.0,1.0,0.04411764705882353,1.0,0.13675213675213677,0.1672473867595819
Vehicle_10,8389637,751,0.19,0.07692307692307693,1e-20,1e-20,0.9618592351505288,0.20972644376899696,0.12804878048780488,0.04145256331534326,1e-20,1e-20,1e-20,0.00044317981517387256,0.32452830188679244,0.0002669151159569914,0.037209302325581395,0.07207207207207207,0.19,0.07692307692307693,0.16666666666666666,0.5,0.9618592351505288,0.20972644376899696,0.12804878048780488,0.04145256331534326,0.5,0.744270205066345,1.0,1.0,0.32452830188679244,1.0,0.037209302325581395,0.07207207207207207
Vehicle_10,8389637,752,0.006944444444444444,0.19444444444444445,1e-20,1e-20,0.9618592351505288,0.18163804491413474,0.18046132971506107,0.8008934269304403,1e-20,1e-20,1e-20,1e-20,0.1479028697571744,0.0005388663661773223,0.2054794520547945,0.30625,0.006944444444444444,0.19444444444444445,1.0,1.0,0.9618592351505288,0.18163804491413474,0.18046132971506107,0.8008934269304403,1.0,0.744270205066345,1.0,1.0,0.1479028697571744,1.0,0.2054794520547945,0.30625
Vehicle_10,8389637,753,0.05405405405405406,0.10416666666666667,1e-20,1e-20,0.9618592351505288,0.01674808094905792,0.014684287812041116,0.9613603654339529,1e-20,1e-20,1e-20,0.0009316848387178002,0.04600141542816702,1e-20,0.020202020202020204,0.071875,0.05405405405405406,0.10416666666666667,1.0,1.0,0.9618592351505288,0.01674808094905792,0.014684287812041116,0.9613603654339529,0.25,0.744270205066345,0.3333333333333333,1.0,0.04600141542816702,0.5,0.020202020202020204,0.071875
Vehicle_10,8389637,754,0.08771929824561403,0.09090909090909091,1e-20,1e-20,0.9618592351505288,0.03508771929824561,0.06521739130434782,0.9613603654339529,0.03125,1e-20,1e-20,1e-20,0.1111111111111111,1e-20,0.023809523809523808,0.06363636363636363,0.08771929824561403,0.09090909090909091,0.041666666666666664,0.14285714285714285,0.9618592351505288,0.03508771929824561,0.06521739130434782,0.9613603654339529,0.03125,0.744270205066345,0.5,0.5,0.1111111111111111,1.0,0.023809523809523808,0.06363636363636363
Vehicle_10,8389637,755,0.08064516129032258,0.10416666666666667,1e-20,1e-20,0.9618592351505288,0.07291666666666667,0.037037037037037035,0.03863963456604718,0.0625,1e-20,1e-20,1e-20,0.05378973105134474,8.057814821343136e-05,0.21212121212121213,0.18181818181818182,0.08064516129032258,0.10416666666666667,0.05263157894736842,0.1111111111111111,0.9618592351505288,0.07291666666666667,0.037037037037037035,0.03863963456604718,0.0625,0.744270205066345,1.0,1.0,0.05378973105134474,1.0,0.21212121212121213,0.18181818181818182
Vehicle_10,8389637,756,0.0873015873015873,1e-20,1e-20,1e-20,0.9618592351505288,1e-20,1e-20,0.8207282913165266,0.125,1e-20,1e-20,0.0005640470374940196,1e-20,0.0002568428474303125,1e-20,1e-20,0.0873015873015873,0.1,0.16666666666666666,0.3333333333333333,0.9618592351505288,0.0392156862745098,0.037037037037037035,0.8207282913165266,0.125,0.744270205066345,1.0,1.0,0.0036101083032490976,0.5,0.04918032786885246,0.009375
Vehicle_10,8389637,757,1e-20,1e-20,1e-20,1e-20,0.9618592351505288,1e-20,1e-20,0.9585474366846567,1e-20,1e-20,0.0016317075013219853,0.000644625185707451,1e-20,0.0004582882179638909,1e-20,1e-20,0.010869565217391304,0.07142857142857142,1.0,1.0,0.9618592351505288,0.16666666666666666,0.25,0.9585474366846567,0.125,0.744270205066345,1.0,1.0,0.09090909090909091,1.0,0.14285714285714285,0.08695652173913043
Vehicle_10,8389637,758,0.05454545454545454,1e-20,1e-20,1e-20,0.9618592351505288,1e-20,0.0008712512275577266,0.9585474366846567,1e-20,1e-20,1e-20,1e-20,1e-20,0.0005590109032306801,1e-20,1e-20,0.05454545454545454,0.16666666666666666,0.125,0.3333333333333333,0.9618592351505288,1.0,1.0,0.9585474366846567,0.1111111111111111,0.744270205066345,0.3333333333333333,0.5,0.09090909090909091,1.0,0.25,0.058823529411764705
Vehicle_10,8389637,759,0.06666666666666667,1e-20,1e-20,1e-20,0.9618592351505288,0.001465515070631783,0.0007201671996575429,0.9585474366846567,1e-20,1e-20,1e-20,1e-20,1e-20,1e-20,1e-20,1e-20,0.06666666666666667,0.3333333333333333,1.0,1.0,0.9618592351505288,0.3333333333333333,0.5,0.9585474366846567,0.125,0.744270205066345,0.5,0.25,0.125,0.3333333333333333,0.2,0.07692307692307693
Vehicle_10,8389637,760,0.015625,1e-20,1e-20,1e-20,0.9618592351505288,1e-20,1e-20,0.9585474366846567,1e-20,1e-20,1e-20,1e-20,1e-20,0.0008561428247677083,1e-20,0.03278688524590164,0.015625,1.0,0.5,1.0,0.9618592351505288,0.06666666666666667,0.125,0.9585474366846567,0.07692307692307693,0.744270205066345,0.125,1.0,0.16666666666666666,0.3333333333333333,0.08333333333333333,0.03278688524590164
Vehicle_10,8389637,761,1e-20,0.09090909090909091,0.3333333333333333,1e-20,0.9618592351505288,0.07692307692307693,1e-20,0.9585474366846567,1e-20,1e-20,1e-20,1e-20,1e-20,1e-20,1e-20,1e-20,0.014084507042253521,0.09090909090909091,0.3333333333333333,1.0,0.9618592351505288,0.07692307692307693,0.125,0.9585474366846567,0.2,0.744270205066345,0.06666666666666667,0.3333333333333333,0.2,0.5,0.1,0.034482758620689655
Vehicle_10,8389637,762,0.021739130434782608,0.25,1e-20,1e-20,0.9618592351505288,0.1111111111111111,1e-20,0.9585474366846567,1e-20,1e-20,1e-20,0.0015561654873718933,1e-20,1e-20,1e-20,1e-20,0.021739130434782608,0.25,0.1,0.5,0.9618592351505288,0.1111111111111111,0.1111111111111111,0.9585474366846567,0.15384615384615385,0.744270205066345,0.25,0.3333333333333333,1.0,1.0,0.07142857142857142,0.05555555555555555
Vehicle_10,8389637,763,0.15789473684210525,0.2,1e-20,1e-20,0.9618592351505288,0.07692307692307693,0.06896551724137931,0.9585474366846567,0.021739130434782608,1e-20,1e-20,1e-20,1e-20,1e-20,1e-20,1e-20,0.15789473684210525,0.2,0.03125,0.05555555555555555,0.9618592351505288,0.07692307692307693,0.06896551724137931,0.9585474366846567,0.021739130434782608,0.744270205066345,0.029411764705882353,0.25,0.3333333333333333,0.16666666666666666,0.125,0.1111111111111111
Vehicle_10,8389637,764,0.024793388429752067,1e-20,1e-20,1e-20,0.03814076484947111,0.08333333333333333,0.058823529411764705,0.9585474366846567,1e-20,1e-20,1e-20,1e-20,1e-20,1e-20,1e-20,1e-20,0.024793388429752067,0.125,0.16666666666666666,0.5,0.03814076484947111,0.08333333333333333,0.058823529411764705,0.9585474366846567,0.1111111111111111,0.744270205066345,0.1111111111111111,0.16666666666666666,0.125,0.125,0.6666666666666666,0.125
Vehicle_10,8389637,765,0.136986301369863,1e-20,1e-20,0.0012640697000982047,0.8374371859296482,0.05405405405405406,0.06666666666666667,0.9585474366846567,1e-20,1e-20,1e-20,1e-20,1e-20,1e-20,1e-20,1e-20,0.136986301369863,0.5,0.058823529411764705,1.0,0.8374371859296482,0.05405405405405406,0.06666666666666667,0.9585474366846567,0.23076923076923078,0.744270205066345,0.023255813953488372,0.3333333333333333,0.1,0.3333333333333333,0.3333333333333333,0.041666666666666664
Vehicle_10,8389637,766,0.039473684210526314,0.002851840115884297,0.004069196484778284,0.002019489839599124,0.9674124800755652,1e-20,1e-20,0.9585474366846567,1e-20,1e-20,1e-20,1e-20,1e-20,1e-20,1e-20,1e-20,0.039473684210526314,1.0,1.0,1.0,0.9674124800755652,0.05263157894736842,0.1,0.9585474366846567,0.08333333333333333,0.744270205066345,0.16666666666666666,0.16666666666666666,0.09090909090909091,0.16666666666666666,1.0,0.3333333333333333
Vehicle_10,8389637,767,0.09578544061302682,0.0026405926998928674,1e-20,1e-20,0.9674124800755652,1e-20,1e-20,0.9585474366846567,1e-20,1e-20,1e-20,0.0008259260191876716,0.03225806451612903,0.0005187218291239645,1e-20,1e-20,0.09578544061302682,1.0,0.5,0.5,0.9674124800755652,0.14285714285714285,0.25,0.9585474366846567,0.2,0.744270205066345,1.0,1.0,0.03225806451612903,1.0,0.5,0.14285714285714285
Vehicle_10,8389637,768,1e-20,0.0030580578314949778,1e-20,0.0009870823156145343,0.9674124800755652,0.11428571428571428,0.058823529411764705,0.9585474366846567,0.002110140256339234,1e-20,1e-20,1e-20,0.017857142857142856,0.00031224032432704653,1e-20,1e-20,0.020833333333333332,0.5,1.0,1.0,0.9674124800755652,0.11428571428571428,0.058823529411764705,0.9585474366846567,1.0,0.744270205066345,0.25,1.0,0.017857142857142856,0.5,0.07407407407407407,0.07272727272727272
Vehicle_10,8389637,769,0.05555555555555555,1e-20,1e-20,1e-20,0.9674124800755652,0.109375,0.1111111111111111,0.9585474366846567,0.15384615384615385,1e-20,0.0008662150932943872,1e-20,0.04424778761061947,1e-20,0.12345679012345678,0.14054054054054055,0.05555555555555555,0.1,0.2,0.3333333333333333,0.9674124800755652,0.109375,0.1111111111111111,0.9585474366846567,0.15384615384615385,0.744270205066345,1.0,1.0,0.04424778761061947,0.5,0.12345679012345678,0.14054054054054055
Vehicle_10,8389637,770,0.09883720930232558,0.14285714285714285,1e-20,1e-20,0.9674124800755652,0.031685678073510776,0.030054644808743168,0.9585474366846567,1e-20,1e-20,0.0007403117367109007,1e-20,0.08536585365853659,1e-20,0.10810810810810811,0.1,0.09883720930232558,0.14285714285714285,0.03571428571428571,0.09090909090909091,0.9674124800755652,0.031685678073510776,0.030054644808743168,0.9585474366846567,0.047619047619047616,0.744270205066345,1.0,0.5,0.08536585365853659,0.5,0.10810810810810811,0.1
Vehicle_10,8389637,771,0.10084033613445378,0.1111111111111111,1e-20,1e-20,0.9674124800755652,0.14244186046511628,0.12318840579710146,0.9585474366846567,1e-20,1e-20,1e-20,0.00042807141238385414,0.07894736842105263,0.00019640923627023895,0.011764705882352941,0.035897435897435895,0.10084033613445378,0.1111111111111111,0.3333333333333333,0.3333333333333333,0.9674124800755652,0.14244186046511628,0.12318840579710146,0.9585474366846567,0.2857142857142857,0.744270205066345,1.0,0.5,0.07894736842105263,1.0,0.011764705882352941,0.035897435897435895
Vehicle_10,8389637,772,0.13043478260869565,0.18604651162790697,1e-20,0.00047843275501724874,0.9674124800755652,0.10623556581986143,0.08947368421052632,0.9585474366846567,1e-20,1e-20,1e-20,0.00026187898169365194,0.06921241050119331,1e-20,0.19642857142857142,0.2178988326848249,0.13043478260869565,0.18604651162790697,0.5,0.5,0.9674124800755652,0.10623556581986143,0.08947368421052632,0.9585474366846567,0.14285714285714285,0.744270205066345,0.3333333333333333,1.0,0.06921241050119331,1.0,0.19642857142857142,0.2178988326848249
Vehicle_10,8389637,773,0.06622516556291391,0.11666666666666667,1e-20,1e-20,0.9674124800755652,0.23097826086956522,0.2255892255892256,0.9585474366846567,1e-20,1e-20,1e-20,0.00025180671316697305,0.11822660098522167,9.568655100344974e-05,0.11290322580645161,0.10319767441860465,0.06622516556291391,0.11666666666666667,1.0,1.0,0.9674124800755652,0.23097826086956522,0.2255892255892256,0.9585474366846567,1.0,0.744270205066345,0.5,1.0,0.11822660098522167,1.0,0.11290322580645161,0.10319767441860465
Vehicle_10,8389637,774,0.012987012987012988,0.13333333333333333,1e-20,1e-20,0.9674124800755652,0.0748663101604278,0.0743801652892562,0.9585474366846567,1e-20,1e-20,1e-20,1e-20,0.06497175141242938,0.00015612016216352327,0.17293233082706766,0.1916376306620209,0.012987012987012988,0.13333333333333333,0.06666666666666667,0.16666666666666666,0.9674124800755652,0.0748663101604278,0.0743801652892562,0.9585474366846567,0.09090909090909091,0.744270205066345,0.5,1.0,0.06497175141242938,1.0,0.17293233082706766,0.1916376306620209
Vehicle_10,8389637,775,0.009259259259259259,0.15584415584415584,0.0005892277088107169,0.0002820235187470098,0.9674124800755652,0.2,0.2182741116751269,0.9585474366846567,0.0008712512275577266,1e-20,1e-20,1e-20,0.08544303797468354,6.546974542341297e-05,0.25196850393700787,0.21140939597315436,0.009259259259259259,0.15584415584415584,0.3333333333333333,0.5,0.9674124800755652,0.2,0.2182741116751269,0.9585474366846567,0.5,0.744270205066345,0.3333333333333333,1.0,0.08544303797468354,1.0,0.25196850393700787,0.21140939597315436
Vehicle_10,8389637,776,0.034482758620689655,0.07792207792207792,0.25,0.2,0.9674124800755652,0.021440351841671246,0.016,0.9585474366846567,1e-20,1e-20,1e-20,0.0001913731020068995,0.030959752321981424,9.065041674011028e-05,0.11290322580645161,0.10319767441860465,0.034482758620689655,0.07792207792207792,0.25,0.2,0.9674124800755652,0.021440351841671246,0.016,0.9585474366846567,0.08333333333333333,0.744270205066345,1.0,1.0,0.030959752321981424,1.0,0.11290322580645161,0.10319767441860465
Vehicle_10,8389637,777,0.06716417910447761,0.1388888888888889,1e-20,1e-20,0.9674124800755652,0.09836065573770492,0.06666666666666667,0.9585474366846567,1e-20,1e-20,1e-20,1e-20,0.16517857142857142,0.0002165537733235968,0.11278195488721804,0.18118466898954705,0.06716417910447761,0.1388888888888889,0.2,1.0,0.9674124800755652,0.09836065573770492,0.06666666666666667,0.9585474366846567,0.16666666666666666,0.744270205066345,0.5,0.5,0.16517857142857142,1.0,0.11278195488721804,0.18118466898954705
Vehicle_10,8389637,778,0.047058823529411764,0.25,1e-20,1e-20,0.9674124800755652,0.08933002481389578,0.08534322820037106,0.9585474366846567,1e-20,1e-20,1e-20,1e-20,0.04757085020242915,2.5180671316697293e-05,0.12857142857142856,0.15196078431372548,0.047058823529411764,0.25,0.3333333333333333,0.3333333333333333,0.9674124800755652,0.08933002481389578,0.08534322820037106,0.9585474366846567,0.07142857142857142,0.744270205066345,1.0,1.0,0.04757085020242915,1.0,0.12857142857142856,0.15196078431372548
Vehicle_10,8389637,779,0.10655737704918032,0.1348314606741573,1e-20,1e-20,0.9674124800755652,0.09110169491525423,0.08181818181818182,0.9585474366846567,1e-20,1e-20,0.00045325208370055144,0.00025180671316697305,0.1111111111111111,3.0216805580036753e-05,0.06349206349206349,0.14772727272727273,0.10655737704918032,0.1348314606741573,1.0,1.0,0.9674124800755652,0.09110169491525423,0.08181818181818182,0.9585474366846567,0.5,0.744270205066345,1.0,1.0,0.1111111111111111,1.0,0.06349206349206349,0.14772727272727273
Vehicle_10,8389637,780,0.13157894736842105,0.05,0.07692307692307693,0.14285714285714285,0.9674124800755652,0.1026694045174538,0.08849557522123894,0.9585474366846567,1e-20,1e-20,1e-20,0.00015108402790018382,0.05378973105134474,3.525293984337622e-05,0.21428571428571427,0.3284313725490196,0.13157894736842105,0.05,0.07692307692307693,0.14285714285714285,0.9674124800755652,0.1026694045174538,0.08849557522123894,0.9585474366846567,0.16666666666666666,0.744270205066345,1.0,0.3333333333333333,0.05378973105134474,1.0,0.21428571428571427,0.3284313725490196
Vehicle_10,8389637,781,0.11042944785276074,0.16071428571428573,1e-20,1e-20,0.9674124800755652,0.0880503144654088,0.10236220472440945,0.9585474366846567,1e-20,1e-20,0.0007201671996575429,0.00037771006975045955,0.08303249097472924,8.561428247677081e-05,0.18181818181818182,0.1625,0.11042944785276074,0.16071428571428573,0.14285714285714285,0.3333333333333333,0.9674124800755652,0.0880503144654088,0.10236220472440945,0.9585474366846567,0.5,0.744270205066345,1.0,1.0,0.08303249097472924,1.0,0.18181818181818182,0.1625
Vehicle_10,8389637,782,0.109375,0.24347826086956523,0.16666666666666666,0.16666666666666666,0.9674124800755652,0.19093851132686085,0.2012987012987013,0.04145256331534326,1e-20,1e-20,0.0002568428474303125,0.0001410117593735049,0.32452830188679244,6.043361116007352e-05,0.21518987341772153,0.35714285714285715,0.109375,0.24347826086956523,0.16666666666666666,0.16666666666666666,0.9674124800755652,0.19093851132686085,0.2012987012987013,0.04145256331534326,0.2,0.744270205066345,1.0,1.0,0.32452830188679244,1.0,0.21518987341772153,0.35714285714285715
Vehicle_10,8389637,783,0.11688311688311688,0.043478260869565216,1e-20,1e-20,0.9674124800755652,0.008586525759577279,0.010854816824966078,0.8008934269304403,1e-20,1e-20,0.0008662150932943872,0.0004885050235439276,0.017660044150110375,0.00037771006975045955,0.12643678160919541,0.175,0.11688311688311688,0.043478260869565216,0.1111111111111111,0.16666666666666666,0.9674124800755652,0.008586525759577279,0.010854816824966078,0.8008934269304403,0.14285714285714285,0.744270205066345,1.0,1.0,0.017660044150110375,1.0,0.12643678160919541,0.175
Vehicle_10,8389637,784,0.022988505747126436,0.1702127659574468,0.001893586483015637,0.0009870823156145343,0.9674124800755652,0.10989010989010989,0.12195121951219512,0.9613603654339529,1e-20,1e-20,0.0012137083574648101,0.000644625185707451,0.06091370558375635,0.0004582882179638909,0.203125,0.17088607594936708,0.022988505747126436,0.1702127659574468,1.0,1.0,0.9674124800755652,0.10989010989010989,0.12195121951219512,0.9613603654339529,1.0,0.744270205066345,0.5,0.5,0.06091370558375635,1.0,0.203125,0.17088607594936708
Vehicle_10,8389637,785,0.1,0.15873015873015872,1e-20,1e-20,0.9674124800755652,0.009268795056642637,0.009124087591240875,0.9613603654339529,1e-20,1e-20,0.0008863596303477451,0.0004582882179638909,0.0031645569620253164,0.00031224032432704653,0.0661764705882353,0.040145985401459854,0.1,0.15873015873015872,0.5,1.0,0.9674124800755652,0.009268795056642637,0.009124087591240875,0.9613603654339529,1.0,0.744270205066345,0.3333333333333333,1.0,0.0031645569620253164,1.0,0.0661764705882353,0.040145985401459854
Vehicle_10,8389637,786,1e-20,0.208955223880597,0.16,0.06666666666666667,0.9674124800755652,0.039473684210526314,0.08333333333333333,0.9613603654339529,0.045454545454545456,1e-20,1e-20,1e-20,0.0784313725490196,0.0003223125928537255,0.2,0.12080536912751678,0.11428571428571428,0.208955223880597,0.16,0.06666666666666667,0.9674124800755652,0.039473684210526314,0.08333333333333333,0.9613603654339529,0.045454545454545456,0.744270205066345,0.3333333333333333,1.0,0.0784313725490196,1.0,0.2,0.12080536912751678
Vehicle_10,8389637,787,0.014285714285714285,0.19672131147540983,1e-20,1e-20,0.9674124800755652,0.36293436293436293,0.38697318007662834,0.9613603654339529,1e-20,1e-20,1e-20,1e-20,0.16551724137931034,0.0002669151159569914,0.08837209302325581,0.09443099273607748,0.014285714285714285,0.19672131147540983,0.125,0.16666666666666666,0.9674124800755652,0.36293436293436293,0.38697318007662834,0.9613603654339529,0.2727272727272727,0.744270205066345,0.3333333333333333,1.0,0.16551724137931034,1.0,0.08837209302325581,0.09443099273607748
Vehicle_10,8389637,788,0.03529411764705882,0.17721518987341772,1e-20,1e-20,0.9674124800755652,0.05776173285198556,0.04697986577181208,0.9613603654339529,1e-20,1e-20,1e-20,0.0005640470374940196,0.09795918367346938,1e-20,0.10714285714285714,0.12083333333333333,0.03529411764705882,0.17721518987341772,0.16666666666666666,0.3333333333333333,0.9674124800755652,0.05776173285198556,0.04697986577181208,0.9613603654339529,0.08333333333333333,0.744270205066345,0.25,0.3333333333333333,0.09795918367346938,0.5,0.10714285714285714,0.12083333333333333
Vehicle_10,8389637,789,0.05714285714285714,0.19230769230769232,0.09090909090909091,1e-20,0.9674124800755652,1e-20,1e-20,0.9613603654339529,1e-20,1e-20,1e-20,0.000634552917180772,0.02553191489361702,1e-20,0.03571428571428571,0.03508771929824561,0.05714285714285714,0.19230769230769232,0.09090909090909091,0.2,0.9674124800755652,0.01818181818181818,0.024390243902439025,0.9613603654339529,0.08333333333333333,0.744270205066345,1.0,0.2,0.02553191489361702,1.0,0.03571428571428571,0.03508771929824561
Vehicle_10,8389637,790,0.11194029850746269,1e-20,1e-20,1e-20,0.9674124800755652,1e-20,1e-20,0.9613603654339529,1e-20,1e-20,1e-20,0.0004885050235439276,0.02564102564102564,0.00037771006975045955,0.047619047619047616,0.05454545454545454,0.11194029850746269,0.010752688172043012,0.12,0.06666666666666667,0.9674124800755652,0.07692307692307693,0.14285714285714285,0.9613603654339529,0.09090909090909091,0.744270205066345,1.0,1.0,0.02564102564102564,1.0,0.047619047619047616,0.05454545454545454
Vehicle_10,8389637,791,0.19337016574585636,0.14285714285714285,0.1,0.16666666666666666,0.9674124800755652,0.03571428571428571,1e-20,0.9613603654339529,1e-20,1e-20,1e-20,1e-20,0.08333333333333333,1e-20,0.05747126436781609,0.0440251572327044,0.19337016574585636,0.14285714285714285,0.1,0.16666666666666666,0.9674124800755652,0.03571428571428571,0.05555555555555555,0.9613603654339529,0.11764705882352941,0.744270205066345,0.2,1.0,0.08333333333333333,1.0,0.05747126436781609,0.0440251572327044
Vehicle_10,8389637,792,0.1497326203208556,1e-20,0.1,1e-20,0.9674124800755652,0.17647058823529413,0.2222222222222222,0.9613603654339529,0.13043478260869565,1e-20,1e-20,1e-20,0.1,0.00019640923627023895,0.031746031746031744,0.01818181818181818,0.1497326203208556,0.014388489208633094,0.1,0.25,0.9674124800755652,0.17647058823529413,0.2222222222222222,0.9613603654339529,0.13043478260869565,0.744270205066345,0.3333333333333333,0.5,0.1,1.0,0.031746031746031744,0.01818181818181818
Vehicle_10,8389637,793,0.1761904761904762,1e-20,0.2,1e-20,0.9674124800755652,0.08,0.07142857142857142,0.9613603654339529,0.17647058823529413,1e-20,1e-20,0.00031224032432704653,0.0425531914893617,1e-20,0.2054794520547945,0.1503267973856209,0.1761904761904762,0.1111111111111111,0.2,1.0,0.9674124800755652,0.08,0.07142857142857142,0.9613603654339529,0.17647058823529413,0.744270205066345,0.25,1.0,0.0425531914893617,1.0,0.2054794520547945,0.1503267973856209
Vehicle_10,8389637,794,0.15625,0.13043478260869565,1e-20,1e-20,0.9674124800755652,0.31645569620253167,0.32407407407407407,0.9613603654339529,1e-20,1e-20,1e-20,1e-20,0.05555555555555555,0.00019640923627023895,0.14285714285714285,0.14035087719298245,0.15625,0.13043478260869565,0.0625,0.125,0.9674124800755652,0.31645569620253167,0.32407407407407407,0.9613603654339529,0.08,0.744270205066345,0.5,1.0,0.05555555555555555,1.0,0.14285714285714285,0.14035087719298245
Vehicle_10,8389637,795,0.029850746268656716,0.32142857142857145,1e-20,1e-20,0.9674124800755652,0.019343493552168817,0.015217391304347827,0.9613603654339529,1e-20,1e-20,1e-20,1e-20,0.08888888888888889,0.0005187218291239645,0.1111111111111111,0.10153846153846154,0.029850746268656716,0.32142857142857145,0.25,1.0,0.9674124800755652,0.019343493552168817,0.015217391304347827,0.9613603654339529,0.5,0.744270205066345,1.0,0.5,0.08888888888888889,1.0,0.1111111111111111,0.10153846153846154
Vehicle_10,8389637,796,0.0958904109589041,0.03571428571428571,1e-20,1e-20,0.9674124800755652,0.18012422360248448,0.17582417582417584,0.9613603654339529,1e-20,1e-20,1e-20,0.0006043361116007353,0.03167420814479638,0.00022662604185027572,0.1565217391304348,0.14122137404580154,0.0958904109589041,0.03571428571428571,0.2,0.16666666666666666,0.9674124800755652,0.18012422360248448,0.17582417582417584,0.9613603654339529,0.13333333333333333,0.744270205066345,0.5,1.0,0.03167420814479638,1.0,0.1565217391304348,0.14122137404580154
Vehicle_10,8389637,797,0.055248618784530384,0.14705882352941177,0.058823529411764705,0.125,0.9674124800755652,0.23174603174603176,0.2275449101796407,0.9613603654339529,1e-20,1e-20,1e-20,1e-20,0.08860759493670886,0.00017626469921688112,0.08837209302325581,0.09443099273607748,0.055248618784530384,0.14705882352941177,0.058823529411764705,0.125,0.9674124800755652,0.23174603174603176,0.2275449101796407,0.9613603654339529,0.16666666666666666,0.744270205066345,0.5,1.0,0.08860759493670886,1.0,0.08837209302325581,0.09443099273607748
Vehicle_10,8389637,798,0.20161290322580644,1e-20,0.25,1e-20,0.9674124800755652,0.18285714285714286,0.16049382716049382,0.9613603654339529,1e-20,1e-20,1e-20,1e-20,0.0748663101604278,0.0002568428474303125,0.24107142857142858,0.225,0.20161290322580644,0.02564102564102564,0.25,0.3333333333333333,0.9674124800755652,0.18285714285714286,0.16049382716049382,0.9613603654339529,0.16666666666666666,0.744270205066345,1.0,0.3333333333333333,0.0748663101604278,1.0,0.24107142857142858,0.225
Vehicle_10,8389637,799,0.0072992700729927005,0.17647058823529413,1e-20,1e-20,0.9674124800755652,0.25773195876288657,0.25142857142857145,0.9613603654339529,1e-20,1e-20,1e-20,0.00042807141238385414,0.028901734104046242,0.0002064815047969179,0.08713692946058091,0.061567164179104475,0.0072992700729927005,0.17647058823529413,0.1111111111111111,0.3333333333333333,0.9674124800755652,0.25773195876288657,0.25142857142857145,0.9613603654339529,0.25,0.744270205066345,1.0,1.0,0.028901734104046242,1.0,0.08713692946058091,0.061567164179104475
Vehicle_10,8389637,800,0.043478260869565216,1e-20,1e-20,1e-20,0.9674124800755652,0.014577259475218658,0.017191977077363897,0.9613603654339529,1e-20,1e-20,1e-20,1e-20,1e-20,0.0007050587968675245,0.03669724770642202,0.03755868544600939,0.043478260869565216,0.017857142857142856,0.25,0.25,0.9674124800755652,0.014577259475218658,0.017191977077363897,0.9613603654339529,0.3333333333333333,0.744270205066345,0.5,1.0,0.046511627906976744,1.0,0.03669724770642202,0.03755868544600939
Vehicle_10,8389637,801,0.06060606060606061,1e-20,1e-20,0.0006849142598141666,0.9674124800755652,0.04597701149425287,0.046511627906976744,0.9613603654339529,1e-20,1e-20,1e-20,0.0012489612973081861,1e-20,0.0010122629869312315,1e-20,0.008403361344537815,0.06060606060606061,0.058823529411764705,1.0,1.0,0.9674124800755652,0.04597701149425287,0.046511627906976744,0.9613603654339529,0.14285714285714285,0.744270205066345,0.5,0.5,0.012658227848101266,0.3333333333333333,0.01639344262295082,0.008403361344537815
Vehicle_10,8389637,802,0.09523809523809523,1e-20,1e-20,1e-20,0.9674124800755652,0.022727272727272728,0.043478260869565216,0.9613603654339529,1e-20,1e-20,1e-20,1e-20,0.0625,1e-20,0.10344827586206896,0.07407407407407407,0.09523809523809523,0.0625,0.3333333333333333,0.5,0.9674124800755652,0.022727272727272728,0.043478260869565216,0.9613603654339529,0.1,0.744270205066345,0.25,0.2,0.0625,1.0,0.10344827586206896,0.07407407407407407
Vehicle_10,8389637,803,0.15648854961832062,1e-20,0.09090909090909091,1e-20,0.9674124800755652,0.0045871559633027525,1e-20,0.9613603654339529,1e-20,1e-20,1e-20,1e-20,0.018867924528301886,1e-20,0.012345679012345678,0.0064516129032258064,0.15648854961832062,0.3333333333333333,0.09090909090909091,0.2,0.9674124800755652,0.0045871559633027525,0.01,0.9613603654339529,0.047619047619047616,0.744270205066345,0.16666666666666666,1.0,0.018867924528301886,0.25,0.012345679012345678,0.0064516129032258064
Vehicle_10,8389637,804,0.05054151624548736,1e-20,1e-20,1e-20,0.9674124800755652,0.03333333333333333,1e-20,0.9613603654339529,1e-20,1e-20,1e-20,1e-20,0.022727272727272728,1e-20,0.047619047619047616,0.024390243902439025,0.05054151624548736,0.015151515151515152,0.05555555555555555,0.14285714285714285,0.9674124800755652,0.03333333333333333,0.06666666666666667,0.9613603654339529,0.06666666666666667,0.744270205066345,0.2,0.3333333333333333,0.022727272727272728,0.3333333333333333,0.047619047619047616,0.024390243902439025
Vehicle_10,8389637,805,0.0064516129032258064,1e-20,1e-20,1e-20,0.9674124800755652,0.02702702702702703,1e-20,0.9613603654339529,1e-20,1e-20,1e-20,0.16666666666666666,1e-20,1e-20,1e-20,0.02247191011235955,0.0064516129032258064,0.5,0.1111111111111111,0.2,0.9674124800755652,0.02702702702702703,0.058823529411764705,0.9613603654339529,0.09090909090909091,0.744270205066345,0.1111111111111111,0.16666666666666666,0.05,0.3333333333333333,0.0196078431372549,0.02247191011235955
Vehicle_10,8389637,806,0.10344827586206896,0.2,1e-20,1e-20,0.9674124800755652,1e-20,1e-20,0.9613603654339529,1e-20,1e-20,1e-20,1e-20,1e-20,1e-20,0.06666666666666667,0.0847457627118644,0.10344827586206896,0.2,0.3333333333333333,1.0,0.9674124800755652,0.0625,0.125,0.9613603654339529,0.1,0.744270205066345,0.1,0.25,0.043478260869565216,0.125,0.06666666666666667,0.0847457627118644
Vehicle_10,8389637,807,0.04819277108433735,0.11764705882352941,1e-20,1e-20,0.9674124800755652,0.023255813953488372,0.01639344262295082,0.9613603654339529,1e-20,1e-20,1e-20,0.0017626469921688112,0.16666666666666666,0.001475587339158462,1e-20,1e-20,0.04819277108433735,0.11764705882352941,0.125,0.5,0.9674124800755652,0.023255813953488372,0.01639344262295082,0.9613603654339529,0.05555555555555555,0.744270205066345,1.0,1.0,0.16666666666666666,1.0,0.011235955056179775,0.006172839506172839
Vehicle_10,8389637,808,0.03636363636363636,1e-20,1e-20,1e-20,0.9674124800755652,0.037037037037037035,0.041666666666666664,0.9613603654339529,1e-20,1e-20,1e-20,1e-20,1e-20,0.002100067987812555,1e-20,1e-20,0.03636363636363636,0.05555555555555555,0.5,0.5,0.9674124800755652,0.037037037037037035,0.041666666666666664,0.9613603654339529,0.5,0.744270205066345,0.3333333333333333,1.0,0.05,1.0,0.25,0.0625
Vehicle_10,8389637,809,0.07692307692307693,1e-20,0.0049908090549694055,0.002074887316495858,0.03258751992443474,0.06060606060606061,0.05555555555555555,0.9613603654339529,1e-20,1e-20,1e-20,0.5,0.08695652173913043,0.5,0.004099413290358321,1e-20,0.07692307692307693,1.0,1.0,1.0,0.03258751992443474,0.06060606060606061,0.05555555555555555,0.9613603654339529,1.0,0.744270205066345,1.0,0.5,0.08695652173913043,0.5,0.5,1.0
Vehicle_10,8389637,810,0.09310344827586207,0.002917226220834025,0.0032533427341172915,0.0014504066678417648,0.8513274336283185,0.034482758620689655,1e-20,0.9613603654339529,1e-20,1e-20,1e-20,1e-20,1e-20,1e-20,0.005801626671367059,1e-20,0.09310344827586207,1.0,0.1111111111111111,0.5,0.8513274336283185,0.034482758620689655,0.07142857142857142,0.9613603654339529,0.02040816326530612,0.744270205066345,0.019230769230769232,0.2,0.1,0.07692307692307693,1.0,0.07692307692307693
Vehicle_10,8389637,811,0.010810810810810811,0.0024243155835206895,0.0022158990758693628,0.0010726965980913052,0.9618592351505288,1e-20,1e-20,0.9613603654339529,1e-20,1e-20,1e-20,0.0007503840052375797,1e-20,1e-20,0.006229698083750913,0.013698285196283333,0.010810810810810811,1.0,1.0,1.0,0.9618592351505288,0.3333333333333333,1.0,0.9613603654339529,0.5,0.744270205066345,0.2,0.5,0.125,1.0,0.5,1.0
Vehicle_10,8389637,812,0.017857142857142856,1e-20,0.2,0.5,0.9618592351505288,0.1,1e-20,0.9613603654339529,1e-20,1e-20,1e-20,0.000579155440284038,0.022727272727272728,0.00042807141238385414,1e-20,1e-20,0.017857142857142856,1.0,0.2,0.5,0.9618592351505288,0.1,0.16666666666666666,0.9613603654339529,0.25,0.744270205066345,1.0,0.5,0.022727272727272728,1.0,0.08333333333333333,0.045454545454545456
Vehicle_10,8389637,813,0.014652014652014652,1e-20,1e-20,1e-20,0.9618592351505288,0.18518518518518517,0.2,0.9613603654339529,1e-20,1e-20,0.0013093949084682598,0.0006748419912874878,0.03773584905660377,0.000448215949437212,0.05660377358490566,0.09016393442622951,0.014652014652014652,0.2857142857142857,0.16666666666666666,0.16666666666666666,0.9618592351505288,0.18518518518518517,0.2,0.9613603654339529,1.0,0.744270205066345,1.0,1.0,0.03773584905660377,0.5,0.05660377358490566,0.09016393442622951
Vehicle_10,8389637,814,1e-20,0.09090909090909091,0.17647058823529413,0.14285714285714285,0.9618592351505288,0.21341463414634146,0.26506024096385544,0.9613603654339529,0.2857142857142857,1e-20,1e-20,0.00030216805580036765,0.023668639053254437,1e-20,0.15789473684210525,0.12063492063492064,0.01694915254237288,0.09090909090909091,0.17647058823529413,0.14285714285714285,0.9618592351505288,0.21341463414634146,0.26506024096385544,0.9613603654339529,0.2857142857142857,0.744270205066345,0.3333333333333333,0.5,0.023668639053254437,1.0,0.15789473684210525,0.12063492063492064
Vehicle_10,8389637,815,0.13812154696132597,0.1509433962264151,0.17647058823529413,0.3333333333333333,0.9618592351505288,0.18282828282828284,0.1781305114638448,0.9613603654339529,0.10526315789473684,1e-20,1e-20,0.0003323848613804044,0.11743772241992882,0.00028705965301034924,0.11607142857142858,0.1245136186770428,0.13812154696132597,0.1509433962264151,0.17647058823529413,0.3333333333333333,0.9618592351505288,0.18282828282828284,0.1781305114638448,0.9613603654339529,0.10526315789473684,0.744270205066345,1.0,1.0,0.11743772241992882,0.5,0.11607142857142858,0.1245136186770428
Vehicle_10,8389637,816,0.1497326203208556,0.14814814814814814,1e-20,1e-20,0.9618592351505288,0.09090909090909091,0.08069620253164557,0.9613603654339529,0.03333333333333333,1e-20,1e-20,0.000579155440284038,0.0480225988700565,0.0002719512502203309,0.11278195488721804,0.18118466898954705,0.1497326203208556,0.14814814814814814,0.058823529411764705,0.1,0.9618592351505288,0.09090909090909091,0.08069620253164557,0.9613603654339529,0.03333333333333333,0.744270205066345,1.0,1.0,0.0480225988700565,1.0,0.11278195488721804,0.18118466898954705
Vehicle_10,8389637,817,0.03333333333333333,0.125,1e-20,1e-20,0.9618592351505288,0.23819301848049282,0.2,0.9613603654339529,1e-20,1e-20,1e-20,1e-20,0.19315403422982885,1e-20,0.21428571428571427,0.3284313725490196,0.03333333333333333,0.125,1.0,1.0,0.9618592351505288,0.23819301848049282,0.2,0.9613603654339529,0.125,0.744270205066345,0.25,1.0,0.19315403422982885,1.0,0.21428571428571427,0.3284313725490196
Vehicle_10,8389637,818,1e-20,0.17073170731707318,1e-20,1e-20,0.9618592351505288,0.014450867052023121,0.0124804992199688,0.9613603654339529,0.0015914184272152695,1e-20,1e-20,1e-20,0.08296390120329322,1e-20,0.13131313131313133,0.175,0.013888888888888888,0.17073170731707318,1.0,1.0,0.9618592351505288,0.014450867052023121,0.0124804992199688,0.9613603654339529,0.2,0.744270205066345,1.0,1.0,0.08296390120329322,1.0,0.13131313131313133,0.175
Vehicle_10,8389637,819,1e-20,0.1565217391304348,1e-20,1e-20,0.9618592351505288,0.12149532710280374,0.09803921568627451,0.9613603654339529,1e-20,1e-20,0.0009014680331377635,0.00042807141238385414,0.14666666666666667,0.0002064815047969179,0.06349206349206349,0.14772727272727273,0.041666666666666664,0.1565217391304348,0.08333333333333333,0.125,0.9618592351505288,0.12149532710280374,0.09803921568627451,0.9613603654339529,0.14285714285714285,0.744270205066345,1.0,1.0,0.14666666666666667,1.0,0.06349206349206349,0.14772727272727273
Vehicle_10,8389637,820,0.0847457627118644,0.15384615384615385,1e-20,1e-20,0.9618592351505288,0.25213675213675213,0.26495726495726496,0.9613603654339529,1e-20,1e-20,1e-20,1e-20,0.1346153846153846,1e-20,0.21428571428571427,0.3284313725490196,0.0847457627118644,0.15384615384615385,0.047619047619047616,0.08333333333333333,0.9618592351505288,0.25213675213675213,0.26495726495726496,0.9613603654339529,0.09523809523809523,0.744270205066345,1.0,1.0,0.1346153846153846,1.0,0.21428571428571427,0.3284313725490196
Vehicle_10,8389637,821,0.02127659574468085,0.2413793103448276,1e-20,0.00047339662075390927,0.9618592351505288,0.06809583858764187,0.056372549019607844,0.9613603654339529,0.2,1e-20,1e-20,0.00031224032432704653,0.11345029239766082,0.0002165537733235968,0.13131313131313133,0.175,0.02127659574468085,0.2413793103448276,1.0,0.5,0.9618592351505288,0.06809583858764187,0.056372549019607844,0.9613603654339529,0.2,0.744270205066345,1.0,1.0,0.11345029239766082,1.0,0.13131313131313133,0.175
Vehicle_10,8389637,822,0.05263157894736842,0.14942528735632185,1e-20,1e-20,0.9618592351505288,0.11228813559322035,0.10638297872340426,0.9613603654339529,0.125,1e-20,0.0010072268526678922,0.0005640470374940196,0.10486322188449848,0.0002568428474303125,0.23809523809523808,0.20454545454545456,0.05263157894736842,0.14942528735632185,0.11764705882352941,0.3333333333333333,0.9618592351505288,0.11228813559322035,0.10638297872340426,0.9613603654339529,0.125,0.744270205066345,1.0,1.0,0.10486322188449848,1.0,0.23809523809523808,0.20454545454545456
Vehicle_10,8389637,823,0.00980392156862745,0.16129032258064516,1e-20,1e-20,0.9618592351505288,0.014965986394557823,0.01366742596810934,0.9613603654339529,1e-20,1e-20,1e-20,0.0003424571299070833,0.020366598778004074,8.561428247677081e-05,0.1141732283464567,0.12098009188361408,0.00980392156862745,0.16129032258064516,0.25,0.4,0.9618592351505288,0.014965986394557823,0.01366742596810934,0.9613603654339529,0.2857142857142857,0.744270205066345,1.0,1.0,0.020366598778004074,0.5,0.1141732283464567,0.12098009188361408
Vehicle_10,8389637,824,0.0070921985815602835,0.13043478260869565,1e-20,1e-20,0.9618592351505288,0.057692307692307696,0.038461538461538464,0.9613603654339529,1e-20,1e-20,0.0004582882179638909,0.00026187898169365194,0.04477611940298507,2.5180671316697293e-05,0.058823529411764705,0.045627376425855515,0.0070921985815602835,0.13043478260869565,0.3333333333333333,1.0,0.9618592351505288,0.057692307692307696,0.038461538461538464,0.9613603654339529,0.75,0.744270205066345,1.0,1.0,0.04477611940298507,1.0,0.058823529411764705,0.045627376425855515
Vehicle_10,8389637,825,0.1,0.14583333333333334,0.043478260869565216,1e-20,0.9618592351505288,0.06707317073170732,0.07228915662650602,0.9613603654339529,1e-20,1e-20,1e-20,1e-20,0.0673758865248227,6.043361116007352e-05,0.15178571428571427,0.15953307392996108,0.1,0.14583333333333334,0.043478260869565216,0.2222222222222222,0.9618592351505288,0.06707317073170732,0.07228915662650602,0.9613603654339529,0.1,0.744270205066345,0.5,1.0,0.0673758865248227,1.0,0.15178571428571427,0.15953307392996108
Vehicle_10,8389637,826,0.08053691275167785,0.03773584905660377,0.15384615384615385,0.14285714285714285,0.9618592351505288,0.017857142857142856,0.03428571428571429,0.9613603654339529,1e-20,1e-20,1e-20,7.55420139500919e-05,0.14392059553349876,1.5108402790018372e-05,0.19469026548672566,0.15328467153284672,0.08053691275167785,0.03773584905660377,0.15384615384615385,0.14285714285714285,0.9618592351505288,0.017857142857142856,0.03428571428571429,0.9613603654339529,0.1111111111111111,0.744270205066345,1.0,1.0,0.14392059553349876,1.0,0.19469026548672566,0.15328467153284672
Vehicle_10,8389637,827,0.09090909090909091,0.1,0.25,0.5,0.9618592351505288,0.0425531914893617,1e-20,0.03863963456604718,0.05,1e-20,0.0010122629869312315,0.00047843275501724874,0.001953125,0.0003676378012237806,0.14285714285714285,0.10894941634241245,0.09090909090909091,0.1,0.25,0.5,0.9618592351505288,0.0425531914893617,0.022727272727272728,0.03863963456604718,0.05,0.744270205066345,1.0,1.0,0.001953125,1.0,0.14285714285714285,0.10894941634241245
Vehicle_10,8389637,828,0.08053691275167785,0.07692307692307693,0.1,0.14285714285714285,0.9618592351505288,0.1724137931034483,0.19230769230769232,0.8207282913165266,1e-20,1e-20,0.0006496613199707904,0.0003374209956437439,1e-20,0.00012590335658348652,0.03111111111111111,0.12473118279569892,0.08053691275167785,0.07692307692307693,0.1,0.14285714285714285,0.9618592351505288,0.1724137931034483,0.19230769230769232,0.8207282913165266,0.1111111111111111,0.744270205066345,1.0,1.0,0.08695652173913043,1.0,0.03111111111111111,0.12473118279569892
Vehicle_10,8389637,829,0.14285714285714285,0.13636363636363635,0.1,1e-20,0.9618592351505288,0.11635220125786164,0.11875,0.9585474366846567,1e-20,1e-20,0.0004935411578072672,0.0002820235187470098,0.14741035856573706,9.568655100344974e-05,0.009216589861751152,0.03640256959314775,0.14285714285714285,0.13636363636363635,0.1,0.4,0.9618592351505288,0.11635220125786164,0.11875,0.9585474366846567,0.16666666666666666,0.744270205066345,1.0,1.0,0.14741035856573706,1.0,0.009216589861751152,0.03640256959314775
Vehicle_10,8389637,830,0.19444444444444445,0.14942528735632185,1e-20,1e-20,0.9618592351505288,0.21505376344086022,0.20964749536178107,0.9585474366846567,1e-20,1e-20,1e-20,1e-20,0.2054655870445344,0.00017122856495354165,0.2571428571428571,0.3284313725490196,0.19444444444444445,0.14942528735632185,0.09090909090909091,1.0,0.9618592351505288,0.21505376344086022,0.20964749536178107,0.9585474366846567,0.07692307692307693,0.744270205066345,1.0,1.0,0.2054655870445344,1.0,0.2571428571428571,0.3284313725490196
Vehicle_10,8389637,831,0.006944444444444444,0.06896551724137931,0.0008410344219776899,0.000382746204013799,0.9618592351505288,0.15679190751445088,0.15930599369085174,0.9585474366846567,1e-20,1e-20,0.0009014680331377635,0.00042807141238385414,0.0785307156428119,0.0002064815047969179,0.3157894736842105,0.328125,0.006944444444444444,0.06896551724137931,1.0,0.5,0.9618592351505288,0.15679190751445088,0.15930599369085174,0.9585474366846567,1.0,0.744270205066345,0.5,1.0,0.0785307156428119,1.0,0.3157894736842105,0.328125
Vehicle_10,8389637,832,1e-20,0.15384615384615385,1e-20,1e-20,0.9618592351505288,0.011764705882352941,0.006147540983606557,0.9585474366846567,0.2,1e-20,1e-20,1e-20,0.011695906432748537,1e-20,0.13157894736842105,0.175,0.045454545454545456,0.15384615384615385,0.25,0.2,0.9618592351505288,0.011764705882352941,0.006147540983606557,0.9585474366846567,0.2,0.744270205066345,0.25,0.3333333333333333,0.011695906432748537,1.0,0.13157894736842105,0.175
Vehicle_10,8389637,833,1e-20,0.2222222222222222,1e-20,0.0004834688892805882,0.9618592351505288,0.11206896551724138,0.12280701754385964,0.9585474366846567,0.09090909090909091,1e-20,1e-20,0.0003072041900637071,0.16666666666666666,0.00015612016216352327,0.1875,0.20454545454545456,0.07142857142857142,0.2222222222222222,0.5,1.0,0.9618592351505288,0.11206896551724138,0.12280701754385964,0.9585474366846567,0.09090909090909091,0.744270205066345,1.0,1.0,0.16666666666666666,1.0,0.1875,0.20454545454545456
Vehicle_10,8389637,834,0.11864406779661017,0.09195402298850575,1e-20,1e-20,0.9618592351505288,0.04789430222956235,0.036036036036036036,0.9585474366846567,0.0625,1e-20,1e-20,1e-20,0.08208092485549133,0.00010575881953012865,0.050980392156862744,0.05819295558958652,0.11864406779661017,0.09195402298850575,0.14285714285714285,0.3333333333333333,0.9618592351505288,0.04789430222956235,0.036036036036036036,0.9585474366846567,0.0625,0.744270205066345,1.0,1.0,0.08208092485549133,1.0,0.050980392156862744,0.05819295558958652
Vehicle_10,8389637,835,0.12727272727272726,0.08163265306122448,1e-20,1e-20,0.9618592351505288,0.23026315789473684,0.13253012048192772,0.04145256331534326,0.06666666666666667,1e-20,1e-20,1e-20,0.20209580838323354,7.55420139500919e-05,0.14285714285714285,0.3284313725490196,0.12727272727272726,0.08163265306122448,0.125,0.16666666666666666,0.9618592351505288,0.23026315789473684,0.13253012048192772,0.04145256331534326,0.06666666666666667,0.744270205066345,1.0,1.0,0.20209580838323354,1.0,0.14285714285714285,0.3284313725490196
Vehicle_10,8389637,836,0.05185185185185185,0.16071428571428573,0.14285714285714285,0.2222222222222222,0.9618592351505288,0.09423076923076923,0.11,0.8008934269304403,1e-20,1e-20,1e-20,1e-20,0.067455102934735,6.043361116007352e-05,0.13043478260869565,0.175,0.05185185185185185,0.16071428571428573,0.14285714285714285,0.2222222222222222,0.9618592351505288,0.09423076923076923,0.11,0.8008934269304403,0.2222222222222222,0.744270205066345,0.5,1.0,0.067455102934735,1.0,0.13043478260869565,0.175
Vehicle_10,8389637,837,0.1390728476821192,0.11363636363636363,0.21739130434782608,0.2,0.9618592351505288,0.03776683087027915,0.017482517482517484,0.9613603654339529,0.25,1e-20,0.0008359982877143505,0.0004381436809105331,0.035,0.00021151763906025734,0.1111111111111111,0.10227272727272728,0.1390728476821192,0.11363636363636363,0.21739130434782608,0.2,0.9618592351505288,0.03776683087027915,0.017482517482517484,0.9613603654339529,0.25,0.744270205066345,1.0,1.0,0.035,1.0,0.1111111111111111,0.10227272727272728
Vehicle_10,8389637,838,0.08152173913043478,0.08928571428571429,0.13043478260869565,0.1111111111111111,0.9618592351505288,0.1,0.08888888888888889,0.9613603654339529,0.2,1e-20,0.0004230352781205147,0.0001913731020068995,0.05555555555555555,4.532520837005514e-05,0.2689075630252101,0.22053231939163498,0.08152173913043478,0.08928571428571429,0.13043478260869565,0.1111111111111111,0.9618592351505288,0.1,0.08888888888888889,0.9613603654339529,0.2,0.744270205066345,1.0,1.0,0.05555555555555555,1.0,0.2689075630252101,0.22053231939163498
Vehicle_10,8389637,839,0.08,0.09090909090909091,1e-20,1e-20,0.9618592351505288,0.1518324607329843,0.13559322033898305,0.9613603654339529,0.09090909090909091,1e-20,0.0005892277088107169,0.0005187218291239645,0.06172839506172839,0.00017626469921688112,0.22633744855967078,0.25241157556270094,0.08,0.09090909090909091,0.06666666666666667,0.1111111111111111,0.9618592351505288,0.1518324607329843,0.13559322033898305,0.9613603654339529,0.09090909090909091,0.744270205066345,1.0,1.0,0.06172839506172839,1.0,0.22633744855967078,0.25241157556270094
Vehicle_10,8389637,840,0.05194805194805195,0.3,1e-20,1e-20,0.9618592351505288,0.055456171735241505,0.04529616724738676,0.9613603654339529,1e-20,1e-20,1e-20,0.0002165537733235968,0.08722741433021806,0.00015612016216352327,0.11522633744855967,0.11093247588424437,0.05194805194805195,0.3,1.0,1.0,0.9618592351505288,0.055456171735241505,0.04529616724738676,0.9613603654339529,0.5,0.744270205066345,1.0,1.0,0.08722741433021806,1.0,0.11522633744855967,0.11093247588424437
Vehicle_10,8389637,841,0.037037037037037035,0.14,1e-20,1e-20,0.9618592351505288,0.14121037463976946,0.15300546448087432,0.9613603654339529,1e-20,1e-20,1e-20,1e-20,0.06028368794326241,3.0216805580036753e-05,0.11607142857142858,0.1245136186770428,0.037037037037037035,0.14,0.08333333333333333,0.5,0.9618592351505288,0.14121037463976946,0.15300546448087432,0.9613603654339529,0.15384615384615385,0.744270205066345,1.0,1.0,0.06028368794326241,1.0,0.11607142857142858,0.1245136186770428
Vehicle_10,8389637,842,0.0234375,0.09433962264150944,1e-20,1e-20,0.9618592351505288,0.18309859154929578,0.19327731092436976,0.9613603654339529,1e-20,1e-20,0.5,0.5,0.03285420944558522,8.057814821343136e-05,0.14285714285714285,0.1916376306620209,0.0234375,0.09433962264150944,0.5,1.0,0.9618592351505288,0.18309859154929578,0.19327731092436976,0.9613603654339529,1.0,0.744270205066345,0.5,0.5,0.03285420944558522,1.0,0.14285714285714285,0.1916376306620209
Vehicle_10,8389637,843,0.05,0.07317073170731707,1e-20,1e-20,0.9618592351505288,0.0819081908190819,0.08242612752721618,0.9613603654339529,1e-20,1e-20,1e-20,1e-20,0.0410958904109589,0.0001410117593735049,0.33070866141732286,0.33996937212863704,0.05,0.07317073170731707,0.14285714285714285,0.25,0.9618592351505288,0.0819081908190819,0.08242612752721618,0.9613603654339529,0.1111111111111111,0.744270205066345,0.25,0.3333333333333333,0.0410958904109589,1.0,0.33070866141732286,0.33996937212863704
Vehicle_10,8389637,844,0.006134969325153374,0.11363636363636363,0.0007453478709742401,0.00035252939843376225,0.9618592351505288,0.2716049382716049,0.2633587786259542,0.9613603654339529,0.0013295394455216177,1e-20,0.0006496613199707904,0.0003374209956437439,0.08974358974358974,0.00012590335658348652,0.33070866141732286,0.33996937212863704,0.006134969325153374,0.11363636363636363,1.0,1.0,0.9618592351505288,0.2716049382716049,0.2633587786259542,0.9613603654339529,1.0,0.744270205066345,1.0,1.0,0.08974358974358974,1.0,0.33070866141732286,0.33996937212863704
Vehicle_10,8389637,845,0.09523809523809523,0.2708333333333333,0.3333333333333333,1e-20,0.9618592351505288,0.3123973727422003,0.3247058823529412,0.9613603654339529,1e-20,1e-20,0.0005287940976506434,0.0003223125928537255,0.25748502994011974,0.00010575881953012865,0.33070866141732286,0.33996937212863704,0.09523809523809523,0.2708333333333333,0.3333333333333333,1.0,0.9618592351505288,0.3123973727422003,0.3247058823529412,0.9613603654339529,0.25,0.744270205066345,1.0,1.0,0.25748502994011974,1.0,0.33070866141732286,0.33996937212863704
Vehicle_10,8389637,846,0.3618421052631579,0.1044776119402985,1e-20,1e-20,0.9618592351505288,0.07060755336617405,0.07215686274509804,0.9613603654339529,1e-20,1e-20,0.0005892277088107169,0.0003223125928537255,0.07965970610982212,0.00014604789363684435,0.05511811023622047,0.05819295558958652,0.3618421052631579,0.1044776119402985,0.3333333333333333,1.0,0.9618592351505288,0.07060755336617405,0.07215686274509804,0.9613603654339529,0.0625,0.744270205066345,1.0,1.0,0.07965970610982212,1.0,0.05511811023622047,0.05819295558958652
Vehicle_10,8389637,847,0.03289473684210526,0.03225806451612903,1e-20,1e-20,0.9618592351505288,0.2541528239202658,0.003236245954692557,0.03863963456604718,1e-20,1e-20,0.0012137083574648101,0.000644625185707451,0.11217183770883055,0.0004582882179638909,0.02857142857142857,0.15196078431372548,0.03289473684210526,0.03225806451612903,0.25,0.5,0.9618592351505288,0.2541528239202658,0.003236245954692557,0.03863963456604718,0.25,0.744270205066345,0.3333333333333333,1.0,0.11217183770883055,1.0,0.02857142857142857,0.15196078431372548
Vehicle_10,8389637,848,0.023255813953488372,0.07317073170731707,1e-20,1e-20,0.9618592351505288,0.0016501650165016502,1e-20,0.8207282913165266,1e-20,1e-20,0.0021403570619192708,0.0009518293757711581,0.008982035928143712,0.0007856369450809558,0.037037037037037035,0.005681818181818182,0.023255813953488372,0.07317073170731707,1.0,1.0,0.9618592351505288,0.0016501650165016502,0.125,0.8207282913165266,0.5,0.744270205066345,1.0,1.0,0.008982035928143712,1.0,0.037037037037037035,0.005681818181818182
Vehicle_10,8389637,849,0.06451612903225806,1e-20,1.0,0.0015763100244252511,0.9618592351505288,1e-20,0.0016065268300052879,0.9585474366846567,1e-20,1e-20,1e-20,1e-20,1e-20,0.001475587339158462,1e-20,1e-20,0.06451612903225806,0.04,1.0,1.0,0.9618592351505288,0.16666666666666666,0.1111111111111111,0.9585474366846567,0.3333333333333333,0.744270205066345,1.0,1.0,0.07142857142857142,1.0,0.16666666666666666,0.16666666666666666
Vehicle_10,8389637,850,0.017241379310344827,1e-20,1e-20,1e-20,0.9618592351505288,1e-20,1e-20,0.9585474366846567,1e-20,1e-20,1e-20,1e-20,1e-20,0.0007050587968675245,1e-20,1e-20,0.017241379310344827,0.5,0.5,1.0,0.9618592351505288,1.0,1.0,0.9585474366846567,0.09090909090909091,0.744270205066345,0.16666666666666666,0.3333333333333333,0.2,1.0,0.5,0.125
Vehicle_10,8389637,851,0.01606425702811245,1e-20,1e-20,1e-20,0.9618592351505288,1e-20,1e-20,0.9585474366846567,1e-20,1e-20,1e-20,1e-20,1e-20,0.0007453478709742401,0.2,0.25,0.01606425702811245,1.0,0.09090909090909091,0.2,0.9618592351505288,1.0,1.0,0.9585474366846567,0.038461538461538464,0.744270205066345,0.09090909090909091,1.0,0.25,1.0,0.2,0.25
Vehicle_10,8389637,852,0.12698412698412698,1e-20,1e-20,1e-20,0.9618592351505288,1e-20,1e-20,0.9585474366846567,1e-20,1e-20,1e-20,1e-20,1e-20,1e-20,0.05,0.05405405405405406,0.12698412698412698,0.16666666666666666,0.08333333333333333,0.25,0.9618592351505288,0.14285714285714285,1.0,0.9585474366846567,0.09090909090909091,0.744270205066345,0.125,0.3333333333333333,0.3333333333333333,0.6666666666666666,0.05,0.05405405405405406
Vehicle_10,8389637,853,0.04918032786885246,0.25,1e-20,1e-20,0.9618592351505288,0.05405405405405406,1e-20,0.9585474366846567,1e-20,1e-20,1e-20,0.3333333333333333,0.3333333333333333,1e-20,0.0625,0.07936507936507936,0.04918032786885246,0.25,0.14285714285714285,0.16666666666666666,0.9618592351505288,0.05405405405405406,0.0625,0.9585474366846567,0.125,0.744270205066345,0.047619047619047616,0.3333333333333333,0.3333333333333333,0.3333333333333333,0.0625,0.07936507936507936
Vehicle_10,8389637,854,1e-20,0.05555555555555555,0.04,0.08333333333333333,0.9618592351505288,0.21052631578947367,1e-20,0.9585474366846567,1e-20,1e-20,0.034482758620689655,1e-20,1e-20,1e-20,0.022727272727272728,0.012048192771084338,0.05,0.05555555555555555,0.04,0.08333333333333333,0.9618592351505288,0.21052631578947367,0.25,0.9585474366846567,0.037037037037037035,0.744270205066345,0.034482758620689655,0.25,0.125,0.3333333333333333,0.022727272727272728,0.012048192771084338
Vehicle_10,8389637,855,0.021505376344086023,1e-20,0.09090909090909091,0.1111111111111111,0.9618592351505288,0.06666666666666667,1e-20,0.9585474366846567,1e-20,1e-20,1e-20,1e-20,1e-20,1e-20,1e-20,0.0425531914893617,0.021505376344086023,0.043478260869565216,0.09090909090909091,0.1111111111111111,0.9618592351505288,0.06666666666666667,0.16666666666666666,0.9585474366846567,0.05555555555555555,0.744270205066345,0.038461538461538464,0.2,0.1111111111111111,1.0,0.08,0.0425531914893617
Vehicle_10,8389637,856,0.05714285714285714,1e-20,0.029850746268656716,1e-20,0.9618592351505288,0.05,1e-20,0.9585474366846567,1e-20,1e-20,0.02040816326530612,1e-20,1e-20,1e-20,1e-20,1e-20,0.05714285714285714,0.5,0.029850746268656716,0.03125,0.9618592351505288,0.05,0.125,0.9585474366846567,0.03125,0.744270205066345,0.02040816326530612,0.25,0.1,0.5,0.14285714285714285,0.0975609756097561
Vehicle_10,8389637,857,0.02142857142857143,0.043478260869565216,1e-20,1e-20,0.03814076484947111,1e-20,1e-20,0.9585474366846567,0.0625,1e-20,1e-20,0.125,1e-20,1e-20,1e-20,1e-20,0.02142857142857143,0.043478260869565216,0.02631578947368421,0.125,0.03814076484947111,0.1111111111111111,0.3333333333333333,0.9585474366846567,0.0625,0.744270205066345,0.045454545454545456,0.125,0.16666666666666666,0.25,0.2222222222222222,0.034482758620689655
Vehicle_10,8389637,858,0.12121212121212122,1e-20,1e-20,1e-20,0.8374371859296482,1e-20,1e-20,0.9585474366846567,1e-20,1e-20,1e-20,1e-20,0.07142857142857142,1e-20,1e-20,1e-20,0.12121212121212122,0.06666666666666667,0.16666666666666666,0.5,0.8374371859296482,0.125,0.5,0.9585474366846567,0.058823529411764705,0.744270205066345,0.2,0.25,0.07142857142857142,0.25,0.3333333333333333,0.1111111111111111
Vehicle_10,8389637,859,0.038461538461538464,0.002449464085424431,0.5,0.002019489839599124,0.9674124800755652,0.08333333333333333,1e-20,0.9585474366846567,1e-20,1e-20,1e-20,1e-20,1e-20,1e-20,0.006320348500491023,1e-20,0.038461538461538464,1.0,0.5,1.0,0.9674124800755652,0.08333333333333333,0.2222222222222222,0.9585474366846567,0.0625,0.744270205066345,0.125,0.5,0.08333333333333333,0.3333333333333333,1.0,1.0
Vehicle_10,8389637,860,0.13380281690140844,1e-20,0.3333333333333333,1e-20,0.9674124800755652,1e-20,1e-20,0.9585474366846567,1e-20,1e-20,0.0015360209503185356,1e-20,1e-20,0.0006144083801274142,1e-20,0.1111111111111111,0.13380281690140844,1.0,0.3333333333333333,0.5,0.9674124800755652,0.041666666666666664,0.18181818181818182,0.9585474366846567,0.08333333333333333,0.744270205066345,1.0,1.0,0.06666666666666667,1.0,0.2,0.1111111111111111
Vehicle_10,8389637,861,0.15021459227467812,1e-20,1e-20,1e-20,0.9674124800755652,1e-20,1e-20,0.9585474366846567,0.16666666666666666,1e-20,1e-20,1e-20,1e-20,1e-20,1e-20,1e-20,0.15021459227467812,1.0,0.1111111111111111,0.25,0.9674124800755652,0.25,0.5,0.9585474366846567,0.16666666666666666,0.744270205066345,1.0,0.5,0.07692307692307693,0.3333333333333333,0.16666666666666666,0.06666666666666667
Vehicle_10,8389637,862,0.13333333333333333,1e-20,1e-20,1e-20,0.9674124800755652,1e-20,1e-20,0.9585474366846567,1e-20,1e-20,1e-20,1e-20,1e-20,1e-20,0.08571428571428572,0.08333333333333333,0.13333333333333333,0.5,0.08333333333333333,0.125,0.9674124800755652,0.13333333333333333,0.2,0.9585474366846567,0.05555555555555555,0.744270205066345,0.25,0.5,0.15,1.0,0.08571428571428572,0.08333333333333333
Vehicle_10,8389637,863,0.031914893617021274,1e-20,0.125,1e-20,0.9674124800755652,0.19318181818181818,0.21367521367521367,0.9585474366846567,0.16666666666666666,1e-20,0.0010525520610379473,1e-20,0.08888888888888889,0.00021151763906025734,0.13793103448275862,0.1368421052631579,0.031914893617021274,0.16666666666666666,0.125,0.5,0.9674124800755652,0.19318181818181818,0.21367521367521367,0.9585474366846567,0.16666666666666666,0.744270205066345,1.0,1.0,0.08888888888888889,1.0,0.13793103448275862,0.1368421052631579
Vehicle_10,8389637,864,0.04,0.16666666666666666,0.09090909090909091,0.2,0.9674124800755652,0.03303303303303303,0.025974025974025976,0.9585474366846567,1e-20,1e-20,1e-20,0.00045325208370055144,0.128,0.0003374209956437439,0.12962962962962962,0.12213740458015267,0.04,0.16666666666666666,0.09090909090909091,0.2,0.9674124800755652,0.03303303303303303,0.025974025974025976,0.9585474366846567,0.05263157894736842,0.744270205066345,0.3333333333333333,0.3333333333333333,0.128,1.0,0.12962962962962962,0.12213740458015267
Vehicle_10,8389637,865,0.08571428571428572,0.018518518518518517,1e-20,1e-20,0.9674124800755652,0.0380952380952381,0.1,0.9585474366846567,0.07142857142857142,1e-20,1e-20,0.00028705965301034924,0.038461538461538464,1e-20,0.12345679012345678,0.14054054054054055,0.08571428571428572,0.018518518518518517,0.14285714285714285,0.16666666666666666,0.9674124800755652,0.0380952380952381,0.1,0.9585474366846567,0.07142857142857142,0.744270205066345,0.5,1.0,0.038461538461538464,0.5,0.12345679012345678,0.14054054054054055
Vehicle_10,8389637,866,1e-20,0.058823529411764705,1e-20,1e-20,0.9674124800755652,0.015486725663716814,0.019801980198019802,0.9585474366846567,1e-20,1e-20,1e-20,0.0005187218291239645,0.0182648401826484,1e-20,0.09009009009009009,0.09166666666666666,0.008849557522123894,0.058823529411764705,0.6666666666666666,1.0,0.9674124800755652,0.015486725663716814,0.019801980198019802,0.9585474366846567,0.3333333333333333,0.744270205066345,0.5,1.0,0.0182648401826484,1.0,0.09009009009009009,0.09166666666666666
Vehicle_10,8389637,867,0.05263157894736842,0.25,1e-20,1e-20,0.9674124800755652,0.17647058823529413,0.22448979591836735,0.9585474366846567,1e-20,1e-20,1e-20,1.0,0.053763440860215055,0.00028705965301034924,0.14772727272727273,0.1596244131455399,0.05263157894736842,0.25,0.2,0.25,0.9674124800755652,0.17647058823529413,0.22448979591836735,0.9585474366846567,0.25,0.744270205066345,0.5,1.0,0.053763440860215055,1.0,0.14772727272727273,0.1596244131455399
Vehicle_10,8389637,868,0.3618421052631579,0.14925373134328357,1e-20,1e-20,0.9674124800755652,0.019801980198019802,0.03225806451612903,0.9585474366846567,1e-20,1e-20,0.0007403117367109007,1e-20,0.06140350877192982,0.0001410117593735049,0.13068181818181818,0.13170731707317074,0.3618421052631579,0.14925373134328357,0.07692307692307693,0.16666666666666666,0.9674124800755652,0.019801980198019802,0.03225806451612903,0.9585474366846567,0.14285714285714285,0.744270205066345,1.0,0.5,0.06140350877192982,1.0,0.13068181818181818,0.13170731707317074
Vehicle_10,8389637,869,0.039473684210526314,0.09210526315789473,1e-20,1e-20,0.9674124800755652,0.05263157894736842,0.05714285714285714,0.9585474366846567,1e-20,1e-20,1e-20,1e-20,0.04580152671755725,1e-20,0.05555555555555555,0.08921933085501858,0.039473684210526314,0.09210526315789473,0.5,1.0,0.9674124800755652,0.05263157894736842,0.05714285714285714,0.9585474366846567,0.25,0.744270205066345,0.5,1.0,0.04580152671755725,1.0,0.05555555555555555,0.08921933085501858
Vehicle_10,8389637,870,1e-20,1e-20,0.0025734646085664643,0.001364792385364994,0.9674124800755652,0.05263157894736842,0.07894736842105263,0.9585474366846567,1e-20,1e-20,1e-20,1e-20,0.011111111111111112,1e-20,0.07692307692307693,0.09090909090909091,0.015625,0.04081632653061224,1.0,0.5,0.9674124800755652,0.05263157894736842,0.07894736842105263,0.9585474366846567,0.5,0.744270205066345,1.0,1.0,0.011111111111111112,1.0,0.07692307692307693,0.09090909090909091
Vehicle_10,8389637,871,0.02631578947368421,0.21428571428571427,1e-20,1e-20,0.9674124800755652,0.07692307692307693,0.09090909090909091,0.9585474366846567,1e-20,1e-20,1e-20,1e-20,0.08,0.00012086722232014704,0.2670157068062827,0.25925925925925924,0.02631578947368421,0.21428571428571427,0.14285714285714285,0.3333333333333333,0.9674124800755652,0.07692307692307693,0.09090909090909091,0.9585474366846567,0.14285714285714285,0.744270205066345,0.3333333333333333,0.5,0.08,1.0,0.2670157068062827,0.25925925925925924
Vehicle_10,8389637,872,0.017341040462427744,0.05714285714285714,1e-20,1e-20,0.9674124800755652,0.4554170661553212,0.4554170661553212,0.9585474366846567,1e-20,1e-20,0.0010122629869312315,0.00047843275501724874,0.4551988500239578,0.0003676378012237806,0.406494960806271,0.406494960806271,0.017341040462427744,0.05714285714285714,0.2857142857142857,0.2,0.9674124800755652,0.4554170661553212,0.4554170661553212,0.9585474366846567,0.1,0.744270205066345,1.0,1.0,0.4551988500239578,1.0,0.406494960806271,0.406494960806271
Vehicle_10,8389637,873,0.07216494845360824,0.05319148936170213,0.125,1e-20,0.9674124800755652,0.005752636625119847,0.003835091083413231,0.04145256331534326,1e-20,1e-20,1e-20,1e-20,0.004791566842357451,0.0008108176163976532,0.03527435610302351,0.06215005599104143,0.07216494845360824,0.05319148936170213,0.125,0.25,0.9674124800755652,0.005752636625119847,0.003835091083413231,0.04145256331534326,0.058823529411764705,0.744270205066345,0.3333333333333333,1.0,0.004791566842357451,1.0,0.03527435610302351,0.06215005599104143
Vehicle_10,8389637,874,0.06944444444444445,1e-20,1e-20,1e-20,0.9674124800755652,0.03278688524590164,0.030303030303030304,0.8008934269304403,1e-20,1e-20,1e-20,7.050587968675244e-05,0.03125,2.0144537053357832e-05,0.05113636363636364,0.06285714285714286,0.06944444444444445,0.022727272727272728,0.05,0.1111111111111111,0.9674124800755652,0.03278688524590164,0.030303030303030304,0.8008934269304403,0.07142857142857142,0.744270205066345,1.0,1.0,0.03125,0.25,0.05113636363636364,0.06285714285714286
Vehicle_10,8389637,875,0.046875,1e-20,1e-20,1e-20,0.9674124800755652,1e-20,1e-20,0.9613603654339529,1e-20,1e-20,0.001138166343514718,0.0006043361116007353,1e-20,0.0002820235187470098,0.010869565217391304,0.009259259259259259,0.046875,0.5,0.14285714285714285,0.25,0.9674124800755652,0.013157894736842105,0.027777777777777776,0.9613603654339529,0.1111111111111111,0.744270205066345,1.0,1.0,0.12,1.0,0.010869565217391304,0.009259259259259259
Vehicle_10,8389637,876,0.01818181818181818,0.010752688172043012,0.3333333333333333,1e-20,0.9674124800755652,0.05,0.1,0.03863963456604718,0.25,1e-20,1e-20,0.0009518293757711581,1e-20,1e-20,0.06666666666666667,0.04878048780487805,0.01818181818181818,0.010752688172043012,0.3333333333333333,0.5,0.9674124800755652,0.05,0.1,0.03863963456604718,0.25,0.744270205066345,1.0,1.0,0.3,1.0,0.06666666666666667,0.04878048780487805
Vehicle_10,8389637,877,0.0547945205479452,0.1,0.25,1.0,0.9674124800755652,0.30341113105924594,0.1916376306620209,0.1792717086834734,1e-20,1e-20,1e-20,0.0007302394681842218,0.09024745269286755,1e-20,0.20224719101123595,0.35714285714285715,0.0547945205479452,0.1,0.25,1.0,0.9674124800755652,0.30341113105924594,0.1916376306620209,0.1792717086834734,0.10526315789473684,0.744270205066345,0.5,0.3333333333333333,0.09024745269286755,0.5,0.20224719101123595,0.35714285714285715
Vehicle_10,8389637,878,0.13114754098360656,0.23255813953488372,0.07692307692307693,0.1111111111111111,0.9674124800755652,0.27410832232496696,0.2645861601085482,0.19910657306955967,1e-20,1e-20,1e-20,1e-20,0.24248927038626608,1e-20,0.1839080459770115,0.1875,0.13114754098360656,0.23255813953488372,0.07692307692307693,0.1111111111111111,0.9674124800755652,0.27410832232496696,0.2645861601085482,0.19910657306955967,0.09090909090909091,0.744270205066345,1.0,1.0,0.24248927038626608,0.5,0.1839080459770115,0.1875
Vehicle_10,8389637,879,0.03550295857988166,0.05319148936170213,1e-20,1e-20,0.9674124800755652,0.1116751269035533,0.03942181340341656,0.8207282913165266,0.0625,1e-20,0.0015360209503185356,0.0007503840052375797,0.12415349887133183,0.0007302394681842218,0.1348314606741573,0.35714285714285715,0.03550295857988166,0.05319148936170213,0.1111111111111111,0.25,0.9674124800755652,0.1116751269035533,0.03942181340341656,0.8207282913165266,0.0625,0.744270205066345,1.0,1.0,0.12415349887133183,1.0,0.1348314606741573,0.35714285714285715
Vehicle_10,8389637,880,0.058333333333333334,0.11363636363636363,0.041666666666666664,1e-20,0.9674124800755652,0.10363636363636364,0.11379310344827587,0.9585474366846567,0.13636363636363635,1e-20,1e-20,1e-20,0.14468085106382977,0.0003676378012237806,0.1917808219178082,0.1875,0.058333333333333334,0.11363636363636363,0.041666666666666664,0.09090909090909091,0.9674124800755652,0.10363636363636364,0.11379310344827587,0.9585474366846567,0.13636363636363635,0.744270205066345,1.0,1.0,0.14468085106382977,1.0,0.1917808219178082,0.1875
Vehicle_10,8389637,881,0.07058823529411765,0.16853932584269662,1e-20,1e-20,0.9674124800755652,0.2926391382405745,0.3148148148148148,0.9585474366846567,0.0625,1e-20,1e-20,0.0003223125928537255,0.30131004366812225,0.00010575881953012865,0.17721518987341772,0.18452380952380953,0.07058823529411765,0.16853932584269662,0.25,0.3333333333333333,0.9674124800755652,0.2926391382405745,0.3148148148148148,0.9585474366846567,0.0625,0.744270205066345,0.5,1.0,0.30131004366812225,1.0,0.17721518987341772,0.18452380952380953
Vehicle_10,8389637,882,0.13725490196078433,0.15384615384615385,0.08695652173913043,0.07692307692307693,0.9674124800755652,0.06711409395973154,0.03691275167785235,0.04145256331534326,0.08695652173913043,1e-20,1e-20,1e-20,0.09870627695256348,0.00031224032432704653,0.006159014557670772,0.015117581187010079,0.13725490196078433,0.15384615384615385,0.08695652173913043,0.07692307692307693,0.9674124800755652,0.06711409395973154,0.03691275167785235,0.04145256331534326,0.08695652173913043,0.744270205066345,1.0,0.5,0.09870627695256348,1.0,0.006159014557670772,0.015117581187010079
Vehicle_10,8389637,883,0.13529411764705881,0.1111111111111111,0.16666666666666666,0.16666666666666666,0.9674124800755652,0.22363636363636363,0.2076923076923077,0.8008934269304403,0.041666666666666664,1e-20,0.0008359982877143505,0.3333333333333333,0.2524822695035461,0.00021151763906025734,0.28735632183908044,0.30625,0.13529411764705881,0.1111111111111111,0.16666666666666666,0.16666666666666666,0.9674124800755652,0.22363636363636363,0.2076923076923077,0.8008934269304403,0.041666666666666664,0.744270205066345,0.3333333333333333,0.3333333333333333,0.2524822695035461,1.0,0.28735632183908044,0.30625
Vehicle_10,8389637,884,0.06451612903225806,0.15053763440860216,1e-20,1e-20,0.9674124800755652,0.24060693641618497,0.24180967238689546,0.9613603654339529,1e-20,1e-20,1e-20,1e-20,0.17352754908169726,1e-20,0.3157894736842105,0.328125,0.06451612903225806,0.15053763440860216,0.058823529411764705,0.125,0.9674124800755652,0.24060693641618497,0.24180967238689546,0.9613603654339529,0.043478260869565216,0.744270205066345,0.16666666666666666,1.0,0.17352754908169726,1.0,0.3157894736842105,0.328125
Vehicle_10,8389637,885,1e-20,0.16521739130434782,1e-20,1e-20,0.9674124800755652,0.01674808094905792,0.014684287812041116,0.9613603654339529,1e-20,1e-20,1e-20,1e-20,0.04600141542816702,0.0006698058570241483,0.05263157894736842,0.071875,0.010869565217391304,0.16521739130434782,0.3333333333333333,0.5,0.9674124800755652,0.01674808094905792,0.014684287812041116,0.9613603654339529,0.5,0.744270205066345,1.0,1.0,0.04600141542816702,1.0,0.05263157894736842,0.071875
Vehicle_10,8389637,886,0.06060606060606061,0.010638297872340425,1e-20,1e-20,0.9674124800755652,0.02631578947368421,1e-20,0.9613603654339529,0.2,1e-20,1e-20,1e-20,0.002849002849002849,0.000448215949437212,0.025,0.02727272727272727,0.06060606060606061,0.010638297872340425,0.08333333333333333,0.125,0.9674124800755652,0.02631578947368421,0.021739130434782608,0.9613603654339529,0.2,0.744270205066345,0.2,0.3333333333333333,0.002849002849002849,1.0,0.025,0.02727272727272727
Vehicle_10,8389637,887,0.05319148936170213,1e-20,0.0625,1e-20,0.9674124800755652,0.05263157894736842,1e-20,0.9613603654339529,1e-20,1e-20,0.00186840581169894,1e-20,1e-20,1e-20,0.06666666666666667,0.03076923076923077,0.05319148936170213,0.047619047619047616,0.0625,0.14285714285714285,0.9674124800755652,0.05263157894736842,0.18181818181818182,0.9613603654339529,0.07692307692307693,0.744270205066345,0.14285714285714285,0.3333333333333333,0.058823529411764705,1.0,0.06666666666666667,0.03076923076923077
Vehicle_10,8389637,888,0.05405405405405406,0.1,1e-20,1e-20,0.9674124800755652,1e-20,1e-20,0.9613603654339529,1e-20,1e-20,1e-20,1e-20,0.00641025641025641,1e-20,0.0056179775280898875,0.005813953488372093,0.05405405405405406,0.1,0.04,0.09090909090909091,0.9674124800755652,0.002840909090909091,0.0049261083743842365,0.9613603654339529,0.1111111111111111,0.744270205066345,0.5,0.5,0.00641025641025641,1.0,0.0056179775280898875,0.005813953488372093
Vehicle_10,8389637,889,0.13385826771653545,1e-20,1e-20,1e-20,0.9674124800755652,1e-20,1e-20,0.03863963456604718,0.041666666666666664,1e-20,1e-20,1e-20,1e-20,1e-20,0.06666666666666667,0.0851063829787234,0.13385826771653545,0.022727272727272728,0.09090909090909091,0.25,0.9674124800755652,0.3333333333333333,1.0,0.03863963456604718,0.041666666666666664,0.744270205066345,0.16666666666666666,0.5,0.09090909090909091,0.25,0.06666666666666667,0.0851063829787234
Vehicle_10,8389637,890,0.0944206008583691,1e-20,1e-20,1e-20,0.9674124800755652,1e-20,1e-20,0.1792717086834734,1e-20,1e-20,1e-20,1e-20,0.17427385892116182,1e-20,1e-20,0.33540372670807456,0.0944206008583691,0.5,0.06666666666666667,0.16666666666666666,0.9674124800755652,0.07142857142857142,0.2857142857142857,0.1792717086834734,0.041666666666666664,0.744270205066345,0.1111111111111111,0.5,0.17427385892116182,0.5,0.16,0.33540372670807456
Vehicle_10,8389637,891,1e-20,0.034482758620689655,1e-20,0.0004834688892805882,0.9674124800755652,0.016286644951140065,0.0196078431372549,0.8008934269304403,1e-20,1e-20,1e-20,1e-20,0.017520805957074025,0.0008108176163976532,0.11475409836065574,0.071875,0.008928571428571428,0.034482758620689655,1.0,1.0,0.9674124800755652,0.016286644951140065,0.0196078431372549,0.8008934269304403,0.06666666666666667,0.744270205066345,0.2,1.0,0.017520805957074025,1.0,0.11475409836065574,0.071875
Vehicle_10,8389637,892,0.1896551724137931,1e-20,0.5,0.00041799914385717526,0.9674124800755652,0.09523809523809523,0.10526315789473684,0.9613603654339529,1e-20,1e-20,1e-20,1e-20,0.015228426395939087,1e-20,0.125,0.12727272727272726,0.1896551724137931,0.06666666666666667,0.5,1.0,0.9674124800755652,0.09523809523809523,0.10526315789473684,0.9613603654339529,1.0,0.744270205066345,0.5,1.0,0.015228426395939087,0.5,0.125,0.12727272727272726
Vehicle_10,8389637,893,0.047058823529411764,0.1875,1e-20,1e-20,0.9674124800755652,0.2392638036809816,0.27848101265822783,0.9613603654339529,1e-20,1e-20,0.0005892277088107169,0.0003223125928537255,0.04225352112676056,0.00014604789363684435,0.1166077738515901,0.09967845659163987,0.047058823529411764,0.1875,0.3333333333333333,1.0,0.9674124800755652,0.2392638036809816,0.27848101265822783,0.9613603654339529,0.2,0.744270205066345,1.0,1.0,0.04225352112676056,1.0,0.1166077738515901,0.09967845659163987
Vehicle_10,8389637,894,0.05952380952380952,0.2857142857142857,1e-20,1e-20,0.9674124800755652,0.06806282722513089,0.06402439024390244,0.9613603654339529,1e-20,1e-20,0.00186840581169894,0.0009467932415078185,0.024691358024691357,0.0007806008108176164,0.13071895424836602,0.1182108626198083,0.05952380952380952,0.2857142857142857,0.25,0.5,0.9674124800755652,0.06806282722513089,0.06402439024390244,0.9613603654339529,0.125,0.744270205066345,1.0,1.0,0.024691358024691357,1.0,0.13071895424836602,0.1182108626198083
Vehicle_10,8389637,895,0.03125,0.09565217391304348,0.0009770100470878553,0.0004885050235439276,0.9674124800755652,0.037463976945244955,0.01639344262295082,0.9613603654339529,1e-20,1e-20,1e-20,1e-20,0.00390625,0.0006949865283408456,0.08823529411764706,0.07936507936507936,0.03125,0.09565217391304348,1.0,1.0,0.9674124800755652,0.037463976945244955,0.01639344262295082,0.9613603654339529,0.5,0.744270205066345,0.5,1.0,0.00390625,1.0,0.08823529411764706,0.07936507936507936
Vehicle_10,8389637,896,0.015625,0.016129032258064516,1e-20,1e-20,0.9674124800755652,0.11011904761904762,0.09714285714285714,0.9613603654339529,1e-20,1e-20,1e-20,1e-20,0.02608695652173913,1e-20,0.03260869565217391,0.027777777777777776,0.015625,0.016129032258064516,1.0,1.0,0.9674124800755652,0.11011904761904762,0.09714285714285714,0.9613603654339529,0.3333333333333333,0.744270205066345,0.2,0.5,0.02608695652173913,0.3333333333333333,0.03260869565217391,0.027777777777777776
Vehicle_10,8389637,897,0.18666666666666668,0.06666666666666667,1e-20,0.0019187671543323345,0.9674124800755652,0.005934718100890208,0.006060606060606061,0.9613603654339529,1e-20,1e-20,0.25,1e-20,0.020134228187919462,0.0022612242842394176,0.018867924528301886,0.00980392156862745,0.18666666666666668,0.06666666666666667,1.0,0.5,0.9674124800755652,0.005934718100890208,0.006060606060606061,0.9613603654339529,1.0,0.744270205066345,0.25,1.0,0.020134228187919462,1.0,0.018867924528301886,0.00980392156862745
Vehicle_10,8389637,898,0.06976744186046512,1e-20,1e-20,1e-20,0.9674124800755652,1e-20,1e-20,0.9613603654339529,1e-20,1e-20,1e-20,1e-20,1e-20,1e-20,1e-20,1e-20,0.06976744186046512,0.07142857142857142,0.08333333333333333,0.09090909090909091,0.9674124800755652,0.1,0.08333333333333333,0.9613603654339529,0.1,0.744270205066345,0.3333333333333333,0.25,0.02631578947368421,1.0,0.1,0.047619047619047616
Vehicle_10,8389637,899,0.026058631921824105,1e-20,1e-20,1e-20,0.9674124800755652,0.2222222222222222,0.3333333333333333,0.9613603654339529,1e-20,1e-20,1e-20,1e-20,1e-20,0.002306549492609473,1e-20,1e-20,0.026058631921824105,0.5,0.2,0.25,0.9674124800755652,0.2222222222222222,0.3333333333333333,0.9613603654339529,0.03333333333333333,0.744270205066345,1.0,1.0,0.16666666666666666,1.0,0.25,0.2
Vehicle_10,8389637,900,0.07518796992481203,0.0020772662572490557,1e-20,1e-20,0.03258751992443474,0.08333333333333333,1e-20,0.9613603654339529,1e-20,1e-20,0.017344446402941104,1e-20,1e-20,1e-20,0.0038828595170347243,1e-20,0.07518796992481203,1.0,0.3333333333333333,1.0,0.03258751992443474,0.08333333333333333,0.14285714285714285,0.9613603654339529,0.05555555555555555,0.744270205066345,1.0,1.0,0.08333333333333333,1.0,0.25,1.0
Vehicle_10,8389637,901,0.027777777777777776,1e-20,1e-20,0.0010978772694080023,0.8513274336283185,1e-20,1e-20,0.9613603654339529,1e-20,1e-20,0.008620689655172414,0.001158310880568076,1e-20,1e-20,1e-20,1e-20,0.027777777777777776,1.0,0.06666666666666667,1.0,0.8513274336283185,0.034482758620689655,0.08333333333333333,0.9613603654339529,0.03571428571428571,0.744270205066345,0.008620689655172414,1.0,0.25,0.3333333333333333,1.0,0.09090909090909091
Vehicle_10,8389637,902,0.15254237288135594,1e-20,0.0035706191927076776,0.001661924306902022,0.9618592351505288,1e-20,1e-20,0.9613603654339529,1e-20,1e-20,1e-20,0.0009518293757711581,1e-20,0.0007856369450809558,1e-20,1e-20,0.15254237288135594,1.0,1.0,1.0,0.9618592351505288,0.027777777777777776,0.041666666666666664,0.9613603654339529,0.125,0.744270205066345,0.5,0.5,0.07692307692307693,0.25,0.16666666666666666,0.09090909090909091
Vehicle_10,8389637,903,0.1118421052631579,0.0025953253964661324,1e-20,0.0010072268526678922,0.9618592351505288,1e-20,1e-20,0.9613603654339529,1e-20,1e-20,1e-20,1e-20,1e-20,0.5,1e-20,1e-20,0.1118421052631579,1.0,1.0,1.0,0.9618592351505288,0.3333333333333333,0.5,0.9613603654339529,0.25,0.744270205066345,0.5,1.0,0.125,0.5,0.1111111111111111,0.06666666666666667
Vehicle_10,8389637,904,0.1792452830188679,1e-20,1e-20,1e-20,0.9618592351505288,1e-20,1e-20,0.9613603654339529,1e-20,1e-20,1e-20,1e-20,1e-20,1e-20,1e-20,1e-20,0.1792452830188679,0.5,0.3333333333333333,0.3333333333333333,0.9618592351505288,0.2,0.25,0.9613603654339529,0.08333333333333333,0.744270205066345,0.5,0.2,0.1111111111111111,0.3333333333333333,0.08333333333333333,0.045454545454545456
Vehicle_10,8389637,905,0.06840390879478828,0.16666666666666666,1e-20,1e-20,0.9618592351505288,1e-20,1e-20,0.9613603654339529,1e-20,1e-20,1e-20,1e-20,0.011627906976744186,1e-20,0.018867924528301886,0.00819672131147541,0.06840390879478828,0.16666666666666666,0.125,0.25,0.9618592351505288,0.041666666666666664,0.13333333333333333,0.9613603654339529,0.045454545454545456,0.744270205066345,0.14285714285714285,1.0,0.011627906976744186,1.0,0.018867924528301886,0.00819672131147541
Vehicle_10,8389637,906,0.04838709677419355,1e-20,0.125,0.2,0.9618592351505288,1e-20,1e-20,0.9613603654339529,1e-20,1e-20,1e-20,1e-20,1e-20,1e-20,1e-20,1e-20,0.04838709677419355,0.06666666666666667,0.125,0.2,0.9618592351505288,0.09090909090909091,0.5,0.9613603654339529,0.3333333333333333,0.744270205066345,0.2,0.5,0.01694915254237288,0.5,0.10810810810810811,0.045454545454545456
Vehicle_10,8389637,907,0.06666666666666667,1e-20,0.1,0.14285714285714285,0.9618592351505288,1e-20,1e-20,0.9613603654339529,1e-20,1e-20,1e-20,1e-20,1e-20,0.00037771006975045955,0.125,0.047619047619047616,0.06666666666666667,0.16666666666666666,0.1,0.14285714285714285,0.9618592351505288,0.2,0.5,0.9613603654339529,0.4444444444444444,0.744270205066345,1.0,1.0,0.25,1.0,0.125,0.047619047619047616
Vehicle_10,8389637,908,0.109375,1.0,1e-20,1e-20,0.9618592351505288,0.1111111111111111,0.2,0.9613603654339529,1e-20,1e-20,1e-20,1e-20,0.3333333333333333,1e-20,1e-20,0.05,0.109375,1.0,0.06666666666666667,0.09090909090909091,0.9618592351505288,0.1111111111111111,0.2,0.9613603654339529,0.08695652173913043,0.744270205066345,0.2,1.0,0.3333333333333333,1.0,0.2222222222222222,0.05
Vehicle_10,8389637,909,0.055865921787709494,1e-20,1e-20,1e-20,0.9618592351505288,0.023529411764705882,1e-20,0.9613603654339529,0.125,1e-20,1e-20,1e-20,1e-20,1e-20,1e-20,0.002512562814070352,0.055865921787709494,0.2,0.3333333333333333,1.0,0.9618592351505288,0.023529411764705882,0.044444444444444446,0.9613603654339529,0.125,0.744270205066345,0.3333333333333333,1.0,0.047619047619047616,0.5,0.005847953216374269,0.002512562814070352
Vehicle_10,8389637,910,0.14432989690721648,1e-20,1e-20,1e-20,0.9618592351505288,1e-20,1e-20,0.9613603654339529,1e-20,1e-20,1e-20,1e-20,1e-20,0.0010021907184045527,1e-20,0.09090909090909091,0.14432989690721648,0.025,0.125,0.2,0.9618592351505288,0.06666666666666667,0.125,0.9613603654339529,0.058823529411764705,0.744270205066345,0.5,0.3333333333333333,0.06666666666666667,1.0,0.25,0.09090909090909091
Vehicle_10,8389637,911,0.12727272727272726,1e-20,1e-20,1e-20,0.9618592351505288,1e-20,1e-20,0.9613603654339529,0.08333333333333333,1e-20,1e-20,1e-20,1e-20,5.03613426333945e-06,1e-20,1e-20,0.12727272727272726,0.5,1.0,1.0,0.9618592351505288,0.5,1.0,0.9613603654339529,0.08333333333333333,0.744270205066345,0.16666666666666666,1.0,1.0,0.3333333333333333,0.125,0.06451612903225806
Vehicle_10,8389637,912,0.075,1e-20,1e-20,1e-20,0.9618592351505288,1e-20,1e-20,0.9613603654339529,0.14285714285714285,1e-20,0.000569083171757359,0.0002568428474303125,0.2,6.043361116007352e-05,0.024691358024691357,0.016216216216216217,0.075,0.2,0.1111111111111111,0.25,0.9618592351505288,0.005263157894736842,0.012048192771084338,0.9613603654339529,0.14285714285714285,0.744270205066345,1.0,1.0,0.2,1.0,0.024691358024691357,0.016216216216216217
Vehicle_10,8389637,913,0.08029197080291971,1e-20,1e-20,1e-20,0.9618592351505288,1e-20,1e-20,0.9613603654339529,1e-20,1e-20,0.001269105834361544,0.0006546974542341299,0.02702702702702703,0.0004331075466471936,0.05555555555555555,0.04938271604938271,0.08029197080291971,0.06666666666666667,0.1111111111111111,0.16666666666666666,0.9618592351505288,0.058823529411764705,0.1,0.9613603654339529,0.25,0.744270205066345,1.0,1.0,0.02702702702702703,1.0,0.05555555555555555,0.04938271604938271
Vehicle_10,8389637,914,0.13402061855670103,1e-20,1e-20,1e-20,0.9618592351505288,1e-20,1e-20,0.9613603654339529,1e-20,1e-20,0.0010726965980913052,1e-20,1e-20,1e-20,1e-20,1e-20,0.13402061855670103,0.25,0.3333333333333333,1.0,0.9618592351505288,0.16666666666666666,0.3333333333333333,0.9613603654339529,0.5,0.744270205066345,1.0,0.5,0.08333333333333333,1.0,0.08333333333333333,0.08695652173913043
Vehicle_10,8389637,915,0.03255813953488372,1e-20,1e-20,1e-20,0.9618592351505288,1e-20,0.0018432251403822425,0.9613603654339529,0.1111111111111111,1e-20,0.002044670510915821,0.0005287940976506434,1e-20,0.00035252939843376225,1e-20,1e-20,0.03255813953488372,0.2,0.25,0.5,0.9618592351505288,0.5,0.3333333333333333,0.9613603654339529,0.1111111111111111,0.744270205066345,0.5,1.0,1.0,1.0,0.2,0.05263157894736842
Vehicle_10,8389637,916,0.12837837837837837,1e-20,1e-20,1e-20,0.9618592351505288,1e-20,1e-20,0.9613603654339529,0.10526315789473684,1e-20,1e-20,0.0004230352781205147,0.08333333333333333,0.0002467705789036336,0.23076923076923078,0.12121212121212122,0.12837837837837837,0.25,0.1,0.2,0.9618592351505288,0.4,0.5,0.9613603654339529,0.10526315789473684,0.744270205066345,0.25,1.0,0.08333333333333333,1.0,0.23076923076923078,0.12121212121212122
Vehicle_10,8389637,917,0.3157894736842105,0.13333333333333333,0.05555555555555555,1e-20,0.9618592351505288,1e-20,1e-20,0.9613603654339529,1e-20,1e-20,1e-20,1e-20,0.14285714285714285,0.00015612016216352327,0.013333333333333334,0.012422360248447204,0.3157894736842105,0.13333333333333333,0.05555555555555555,0.2857142857142857,0.9618592351505288,0.09090909090909091,0.25,0.9613603654339529,0.07142857142857142,0.744270205066345,1.0,0.5,0.14285714285714285,1.0,0.013333333333333334,0.012422360248447204
Vehicle_10,8389637,918,0.0106951871657754,1e-20,0.16666666666666666,0.16666666666666666,0.9618592351505288,1e-20,0.004446906554528744,0.9613603654339529,1e-20,1e-20,1e-20,1e-20,1e-20,1e-20,1e-20,1e-20,0.0106951871657754,0.022222222222222223,0.16666666666666666,0.16666666666666666,0.9618592351505288,1.0,0.6666666666666666,0.9613603654339529,0.14285714285714285,0.744270205066345,0.3333333333333333,0.5,0.3333333333333333,1.0,0.038461538461538464,0.022727272727272728
Vehicle_10,8389637,919,1e-20,1e-20,1e-20,1e-20,0.9618592351505288,1e-20,1e-20,0.9613603654339529,1e-20,1e-20,0.0008259260191876716,1e-20,1e-20,0.00014604789363684435,1e-20,0.04,0.09523809523809523,0.3333333333333333,0.08333333333333333,0.16666666666666666,0.9618592351505288,0.4,1.0,0.9613603654339529,0.2,0.744270205066345,0.3333333333333333,1.0,0.1,1.0,0.1,0.04
Vehicle_10,8389637,920,0.11864406779661017,1e-20,0.16666666666666666,0.25,0.9618592351505288,0.1111111111111111,0.2,0.9613603654339529,1e-20,1e-20,1e-20,1e-20,1e-20,0.0002064815047969179,1e-20,1e-20,0.11864406779661017,0.5,0.16666666666666666,0.25,0.9618592351505288,0.1111111111111111,0.2,0.9613603654339529,0.1,0.744270205066345,1.0,1.0,0.045454545454545456,1.0,0.13333333333333333,0.03333333333333333
Vehicle_10,8389637,921,0.2545454545454545,0.14285714285714285,0.125,0.16666666666666666,0.9618592351505288,0.46153846153846156,0.4,0.9613603654339529,0.07142857142857142,1e-20,1e-20,0.0003575655326971017,0.041666666666666664,0.0001913731020068995,0.025,0.023255813953488372,0.2545454545454545,0.14285714285714285,0.125,0.16666666666666666,0.9618592351505288,0.46153846153846156,0.4,0.9613603654339529,0.07142857142857142,0.744270205066345,1.0,1.0,0.041666666666666664,1.0,0.025,0.023255813953488372
Vehicle_10,8389637,922,0.14507772020725387,0.11764705882352941,0.2857142857142857,0.3333333333333333,0.9618592351505288,0.07692307692307693,0.05128205128205128,0.9613603654339529,1e-20,1e-20,0.0010525520610379473,1e-20,1e-20,0.0002165537733235968,0.029850746268656716,0.0457516339869281,0.14507772020725387,0.11764705882352941,0.2857142857142857,0.3333333333333333,0.9618592351505288,0.07692307692307693,0.05128205128205128,0.9613603654339529,0.25,0.744270205066345,1.0,0.5,0.0125,1.0,0.029850746268656716,0.0457516339869281
Vehicle_10,8389637,923,0.06666666666666667,1e-20,1e-20,1e-20,0.9618592351505288,0.1506849315068493,0.17073170731707318,0.9613603654339529,1e-20,1e-20,1e-20,1e-20,0.04225352112676056,1e-20,0.10588235294117647,0.11794871794871795,0.06666666666666667,0.047619047619047616,0.1111111111111111,0.2,0.9618592351505288,0.1506849315068493,0.17073170731707318,0.9613603654339529,0.125,0.744270205066345,0.25,0.3333333333333333,0.04225352112676056,1.0,0.10588235294117647,0.11794871794871795
Vehicle_10,8389637,924,0.012195121951219513,0.09090909090909091,1e-20,0.00012086722232014704,0.9618592351505288,0.002347417840375587,1e-20,0.03863963456604718,1e-20,1e-20,0.0005287940976506434,0.00031224032432704653,0.04106776180698152,8.561428247677081e-05,0.009708737864077669,0.09876543209876543,0.012195121951219513,0.09090909090909091,0.5,1.0,0.9618592351505288,0.002347417840375587,0.004201680672268907,0.03863963456604718,0.2857142857142857,0.744270205066345,0.5,1.0,0.04106776180698152,1.0,0.009708737864077669,0.09876543209876543
Vehicle_10,8389637,925,0.26666666666666666,1e-20,1e-20,1e-20,0.9618592351505288,1e-20,1e-20,0.8207282913165266,1e-20,1e-20,1e-20,1e-20,0.007334963325183374,9.568655100344974e-05,0.10344827586206896,0.05392156862745098,0.26666666666666666,0.1,1.0,1.0,0.9618592351505288,0.05263157894736842,0.1,0.8207282913165266,0.2,0.744270205066345,0.3333333333333333,0.3333333333333333,0.007334963325183374,1.0,0.10344827586206896,0.05392156862745098
Vehicle_10,8389637,926,0.07462686567164178,0.14285714285714285,0.0006546974542341299,0.0002971319215370282,0.9618592351505288,0.14285714285714285,1e-20,0.9585474366846567,0.0007957092136076347,1e-20,1e-20,0.0002467705789036336,1e-20,7.050587968675244e-05,0.20833333333333334,0.14925373134328357,0.07462686567164178,0.14285714285714285,0.3333333333333333,0.5,0.9618592351505288,0.14285714285714285,0.25,0.9585474366846567,0.3333333333333333,0.744270205066345,1.0,1.0,0.045454545454545456,1.0,0.20833333333333334,0.14925373134328357
Vehicle_10,8389637,927,0.043010752688172046,0.05,0.0003474932641704228,0.00013597562511016544,0.9618592351505288,0.06382978723404255,0.038461538461538464,0.9585474366846567,0.0008359982877143505,1e-20,1e-20,0.00042807141238385414,1e-20,0.00019640923627023895,0.07964601769911504,0.06437768240343347,0.043010752688172046,0.05,0.5,1.0,0.9618592351505288,0.06382978723404255,0.038461538461538464,0.9585474366846567,0.5,0.744270205066345,1.0,1.0,0.021739130434782608,1.0,0.07964601769911504,0.06437768240343347
Vehicle_10,8389637,928,0.08108108108108109,0.1111111111111111,1e-20,1e-20,0.9618592351505288,0.023255813953488372,0.047619047619047616,0.9585474366846567,1e-20,1e-20,0.0005287940976506434,0.0002568428474303125,0.022222222222222223,8.057814821343136e-05,0.1,0.06395348837209303,0.08108108108108109,0.1111111111111111,0.5,1.0,0.9618592351505288,0.023255813953488372,0.047619047619047616,0.9585474366846567,0.3333333333333333,0.744270205066345,1.0,1.0,0.022222222222222223,1.0,0.1,0.06395348837209303
Vehicle_10,8389637,929,0.07058823529411765,0.1891891891891892,0.0014403343993150857,0.0007503840052375797,0.9618592351505288,0.11764705882352941,0.136,0.9585474366846567,0.0024022360436129226,1e-20,0.0010122629869312315,1e-20,0.10344827586206896,0.0003223125928537255,0.16216216216216217,0.15267175572519084,0.07058823529411765,0.1891891891891892,0.5,1.0,0.9618592351505288,0.11764705882352941,0.136,0.9585474366846567,0.3333333333333333,0.744270205066345,1.0,1.0,0.10344827586206896,1.0,0.16216216216216217,0.15267175572519084
Vehicle_10,8389637,930,1e-20,0.10526315789473684,1e-20,0.0005439025004406618,0.9618592351505288,0.0658682634730539,0.06382978723404255,0.9585474366846567,1e-20,1e-20,1e-20,0.0002920957872736887,1e-20,0.00012590335658348652,0.11724137931034483,0.08333333333333333,0.05,0.10526315789473684,1.0,0.25,0.9618592351505288,0.0658682634730539,0.06382978723404255,0.9585474366846567,1.0,0.744270205066345,1.0,1.0,0.031746031746031744,1.0,0.11724137931034483,0.08333333333333333
Vehicle_10,8389637,931,1e-20,0.16326530612244897,0.2222222222222222,0.1111111111111111,0.9618592351505288,0.20218579234972678,0.234375,0.9585474366846567,0.06666666666666667,1e-20,1e-20,1e-20,0.044642857142857144,0.00021151763906025734,0.17272727272727273,0.164021164021164,0.05,0.16326530612244897,0.2222222222222222,0.1111111111111111,0.9618592351505288,0.20218579234972678,0.234375,0.9585474366846567,0.06666666666666667,0.744270205066345,1.0,1.0,0.044642857142857144,1.0,0.17272727272727273,0.164021164021164
Vehicle_10,8389637,932,1e-20,0.0784313725490196,0.11764705882352941,0.3333333333333333,0.9618592351505288,0.09129511677282377,0.09523809523809523,0.9585474366846567,0.3333333333333333,1e-20,1e-20,1e-20,0.1038961038961039,8.057814821343136e-05,0.2922374429223744,0.2658536585365854,0.023809523809523808,0.0784313725490196,0.11764705882352941,0.3333333333333333,0.9618592351505288,0.09129511677282377,0.09523809523809523,0.9585474366846567,0.3333333333333333,0.744270205066345,1.0,1.0,0.1038961038961039,1.0,0.2922374429223744,0.2658536585365854
Vehicle_10,8389637,933,0.07092198581560284,0.07407407407407407,0.2222222222222222,0.4,0.9618592351505288,0.2073732718894009,0.24778761061946902,0.9585474366846567,0.16666666666666666,1e-20,1e-20,0.0004381436809105331,0.046511627906976744,0.00021151763906025734,0.2922374429223744,0.2658536585365854,0.07092198581560284,0.07407407407407407,0.2222222222222222,0.4,0.9618592351505288,0.2073732718894009,0.24778761061946902,0.9585474366846567,0.16666666666666666,0.744270205066345,1.0,1.0,0.046511627906976744,1.0,0.2922374429223744,0.2658536585365854
Vehicle_10,8389637,934,0.09933774834437085,0.1276595744680851,0.16666666666666666,1e-20,0.9618592351505288,0.32555123216601817,0.335149863760218,0.9585474366846567,0.1,1e-20,1e-20,1e-20,0.041666666666666664,8.561428247677081e-05,0.2922374429223744,0.2658536585365854,0.09933774834437085,0.1276595744680851,0.16666666666666666,0.3333333333333333,0.9618592351505288,0.32555123216601817,0.335149863760218,0.9585474366846567,0.1,0.744270205066345,1.0,0.5,0.041666666666666664,1.0,0.2922374429223744,0.2658536585365854
Vehicle_10,8389637,935,0.15894039735099338,0.19298245614035087,1e-20,1e-20,0.9618592351505288,0.0324254215304799,0.0326975476839237,0.9585474366846567,1e-20,1e-20,0.0006194445143907537,1e-20,0.09195402298850575,0.0002165537733235968,0.2922374429223744,0.2658536585365854,0.15894039735099338,0.19298245614035087,0.06666666666666667,0.16666666666666666,0.9618592351505288,0.0324254215304799,0.0326975476839237,0.9585474366846567,0.058823529411764705,0.744270205066345,1.0,0.5,0.09195402298850575,1.0,0.2922374429223744,0.2658536585365854
Vehicle_10,8389637,936,0.008928571428571428,0.07407407407407407,0.002044670510915821,0.0009870823156145343,0.9618592351505288,1e-20,1e-20,0.9585474366846567,1e-20,1e-20,1e-20,0.0009367209729811397,0.011363636363636364,0.0008108176163976532,1e-20,0.0024390243902439024,0.008928571428571428,0.07407407407407407,1.0,0.5,0.9618592351505288,0.005988023952095809,0.013888888888888888,0.9585474366846567,0.3333333333333333,0.744270205066345,1.0,1.0,0.011363636363636364,1.0,0.0182648401826484,0.0024390243902439024
Vehicle_10,8389637,937,0.041666666666666664,1e-20,1e-20,0.0026087175484098405,0.9618592351505288,0.02702702702702703,0.058823529411764705,0.9585474366846567,1e-20,1e-20,1e-20,0.0011230579407246997,1e-20,0.00102737138972125,0.034482758620689655,0.02040816326530612,0.041666666666666664,0.02127659574468085,1.0,0.5,0.9618592351505288,0.02702702702702703,0.058823529411764705,0.9585474366846567,0.25,0.744270205066345,0.5,1.0,0.05,1.0,0.034482758620689655,0.02040816326530612
Vehicle_10,8389637,938,0.0967741935483871,1e-20,0.008088031626923174,0.003963437665248155,0.9618592351505288,1e-20,1e-20,0.9585474366846567,1e-20,1e-20,1e-20,0.0016014906957419485,1e-20,0.0015460932188452144,1e-20,1e-20,0.0967741935483871,0.5,1.0,1.0,0.9618592351505288,0.058823529411764705,0.1111111111111111,0.9585474366846567,1.0,0.744270205066345,0.16666666666666666,0.5,0.1111111111111111,1.0,0.2,0.08333333333333333
Vehicle_10,8389637,939,0.014084507042253521,0.3333333333333333,1e-20,1e-20,0.9618592351505288,1e-20,0.001475587339158462,0.9585474366846567,0.058823529411764705,1e-20,1e-20,1e-20,1e-20,1e-20,1e-20,1e-20,0.014084507042253521,0.3333333333333333,0.07692307692307693,0.125,0.9618592351505288,1.0,0.5,0.9585474366846567,0.058823529411764705,0.744270205066345,0.1,0.2,0.25,0.25,1.0,0.5
Vehicle_10,8389637,940,0.02631578947368421,1e-20,0.07142857142857142,0.14285714285714285,0.9618592351505288,0.05,0.07142857142857142,0.9585474366846567,1e-20,1e-20,0.07142857142857142,1e-20,1e-20,1e-20,1e-20,1e-20,0.02631578947368421,0.5,0.07142857142857142,0.14285714285714285,0.9618592351505288,0.05,0.07142857142857142,0.9585474366846567,0.043478260869565216,0.744270205066345,0.07142857142857142,0.3333333333333333,0.14285714285714285,0.16666666666666666,0.5,0.08333333333333333
Vehicle_10,8389637,941,0.019543973941368076,1e-20,0.09090909090909091,0.125,0.9618592351505288,1e-20,1e-20,0.9585474366846567,1e-20,1e-20,1e-20,1e-20,1e-20,1e-20,1e-20,0.027777777777777776,0.019543973941368076,0.2,0.09090909090909091,0.125,0.9618592351505288,0.07692307692307693,0.2,0.9585474366846567,0.06666666666666667,0.744270205066345,0.02564102564102564,0.3333333333333333,0.5,1.0,0.15384615384615385,0.027777777777777776
Vehicle_10,8389637,942,0.046511627906976744,1e-20,1e-20,1e-20,0.9618592351505288,1e-20,1e-20,0.9585474366846567,0.06666666666666667,1e-20,1e-20,1e-20,1e-20,1e-20,0.02631578947368421,0.05063291139240506,0.046511627906976744,0.18181818181818182,0.027777777777777776,0.03225806451612903,0.9618592351505288,0.06666666666666667,0.16666666666666666,0.9585474366846567,0.06666666666666667,0.744270205066345,0.041666666666666664,1.0,0.125,0.3333333333333333,0.02631578947368421,0.05063291139240506
Vehicle_10,8389637,943,0.057692307692307696,1e-20,1e-20,0.005675723314783572,0.03814076484947111,1e-20,1e-20,0.9585474366846567,1e-20,1e-20,1e-20,0.002120212524865913,0.004673532596379019,0.001727394052325435,1e-20,1e-20,0.057692307692307696,0.06666666666666667,1.0,0.2,0.03814076484947111,0.3333333333333333,0.5,0.9585474366846567,0.2,0.744270205066345,0.05263157894736842,1.0,1.0,1.0,0.07142857142857142,0.02127659574468085
Vehicle_10,8389637,944,0.09615384615384616,1e-20,1e-20,1e-20,0.8374371859296482,1e-20,1e-20,0.9585474366846567,1e-20,1e-20,1e-20,0.001848261274645582,0.006461360259864528,0.0016568881726386825,1e-20,1e-20,0.09615384615384616,1.0,0.5,1.0,0.8374371859296482,0.5,1.0,0.9585474366846567,0.03225806451612903,0.744270205066345,1.0,1.0,1.0,1.0,0.3333333333333333,0.07692307692307693
Vehicle_10,8389637,945,0.06293706293706294,0.003017820228448991,1e-20,0.0015158764132651777,0.9674124800755652,1e-20,1e-20,0.9585474366846567,1e-20,1e-20,1e-20,1e-20,1e-20,1e-20,1e-20,1e-20,0.06293706293706294,0.5,0.2,1.0,0.9674124800755652,0.125,0.2,0.9585474366846567,0.0625,0.744270205066345,0.3333333333333333,0.16666666666666666,0.058823529411764705,0.4,1.0,0.5
Vehicle_10,8389637,946,0.06462585034013606,1e-20,1e-20,0.0005388663661773223,0.9674124800755652,1e-20,1e-20,0.9585474366846567,1e-20,1e-20,1e-20,1e-20,1e-20,1e-20,1e-20,1e-20,0.06462585034013606,1.0,1.0,1.0,0.9674124800755652,0.3333333333333333,1.0,0.9585474366846567,0.125,0.744270205066345,0.2,0.3333333333333333,0.09090909090909091,0.2,0.16666666666666666,0.1111111111111111
Vehicle_10,8389637,947,0.109375,1e-20,1e-20,1e-20,0.9674124800755652,0.16666666666666666,1e-20,0.9585474366846567,1e-20,1e-20,1e-20,1e-20,0.047619047619047616,0.0005590109032306801,0.058823529411764705,0.09302325581395349,0.109375,0.5,0.3333333333333333,0.5,0.9674124800755652,0.16666666666666666,0.25,0.9585474366846567,0.2,0.744270205066345,0.5,1.0,0.047619047619047616,1.0,0.058823529411764705,0.09302325581395349
Vehicle_10,8389637,948,0.0425531914893617,1e-20,1e-20,1e-20,0.9674124800755652,0.19547325102880658,0.18446601941747573,0.9585474366846567,1e-20,1e-20,0.0008662150932943872,1e-20,0.10679611650485436,0.00035252939843376225,0.05825242718446602,0.09465020576131687,0.0425531914893617,0.2,1.0,1.0,0.9674124800755652,0.19547325102880658,0.18446601941747573,0.9585474366846567,0.14285714285714285,0.744270205066345,0.25,1.0,0.10679611650485436,1.0,0.05825242718446602,0.09465020576131687
Vehicle_10,8389637,949,0.17346938775510204,0.09333333333333334,0.1,0.16666666666666666,0.9674124800755652,0.014010507880910683,0.012244897959183673,0.9585474366846567,1e-20,1e-20,1e-20,0.0004230352781205147,0.0486322188449848,1e-20,0.05511811023622047,0.05704697986577181,0.17346938775510204,0.09333333333333334,0.1,0.16666666666666666,0.9674124800755652,0.014010507880910683,0.012244897959183673,0.9585474366846567,0.1111111111111111,0.744270205066345,0.3333333333333333,1.0,0.0486322188449848,1.0,0.05511811023622047,0.05704697986577181
Vehicle_10,8389637,950,0.052083333333333336,0.07777777777777778,1e-20,1e-20,0.9674124800755652,0.10377358490566038,0.13793103448275862,0.9585474366846567,1e-20,1e-20,0.0005237579633873039,1e-20,0.13278008298755187,7.55420139500919e-05,0.25,0.33540372670807456,0.052083333333333336,0.07777777777777778,0.5,0.3333333333333333,0.9674124800755652,0.10377358490566038,0.13793103448275862,0.9585474366846567,0.2,0.744270205066345,0.5,0.5,0.13278008298755187,1.0,0.25,0.33540372670807456
Vehicle_10,8389637,951,1e-20,0.14285714285714285,1e-20,1e-20,0.9674124800755652,0.1689291101055807,0.16905444126074498,0.9585474366846567,1e-20,1e-20,1e-20,1e-20,0.11818825194621373,6.043361116007352e-05,0.13131313131313133,0.175,0.025,0.14285714285714285,1.0,1.0,0.9674124800755652,0.1689291101055807,0.16905444126074498,0.9585474366846567,0.5,0.744270205066345,0.25,0.5,0.11818825194621373,1.0,0.13131313131313133,0.175
Vehicle_10,8389637,952,0.08571428571428572,0.22115384615384615,0.25,1e-20,0.9674124800755652,0.20627062706270627,0.22264150943396227,0.9585474366846567,1e-20,1e-20,1e-20,1e-20,0.1649122807017544,0.00015612016216352327,0.06349206349206349,0.14772727272727273,0.08571428571428572,0.22115384615384615,0.25,0.5,0.9674124800755652,0.20627062706270627,0.22264150943396227,0.9585474366846567,0.125,0.744270205066345,0.16666666666666666,1.0,0.1649122807017544,1.0,0.06349206349206349,0.14772727272727273
Vehicle_10,8389637,953,0.10655737704918032,0.1875,0.1,1e-20,0.9674124800755652,0.08933002481389578,0.08534322820037106,0.9585474366846567,0.1111111111111111,1e-20,1e-20,1e-20,0.04757085020242915,9.568655100344974e-05,0.12857142857142856,0.15196078431372548,0.10655737704918032,0.1875,0.1,0.3333333333333333,0.9674124800755652,0.08933002481389578,0.08534322820037106,0.9585474366846567,0.1111111111111111,0.744270205066345,1.0,1.0,0.04757085020242915,1.0,0.12857142857142856,0.15196078431372548
Vehicle_10,8389637,954,0.11688311688311688,0.13580246913580246,1e-20,1e-20,0.9674124800755652,0.11228813559322035,0.11818181818181818,0.9585474366846567,0.3333333333333333,1e-20,1e-20,1e-20,0.11396011396011396,8.561428247677081e-05,0.23809523809523808,0.20454545454545456,0.11688311688311688,0.13580246913580246,0.25,0.5,0.9674124800755652,0.11228813559322035,0.11818181818181818,0.9585474366846567,0.3333333333333333,0.744270205066345,1.0,1.0,0.11396011396011396,1.0,0.23809523809523808,0.20454545454545456
Vehicle_10,8389637,955,0.12048192771084337,0.14705882352941177,0.08333333333333333,0.16666666666666666,0.9674124800755652,0.053061224489795916,0.0777027027027027,0.9585474366846567,0.14285714285714285,1e-20,1e-20,0.0001813008334802206,0.0771513353115727,7.55420139500919e-05,0.05511811023622047,0.05819295558958652,0.12048192771084337,0.14705882352941177,0.08333333333333333,0.16666666666666666,0.9674124800755652,0.053061224489795916,0.0777027027027027,0.9585474366846567,0.14285714285714285,0.744270205066345,0.3333333333333333,1.0,0.0771513353115727,1.0,0.05511811023622047,0.05819295558958652
Vehicle_10,8389637,956,0.17880794701986755,0.2,0.08695652173913043,0.14285714285714285,0.9674124800755652,0.21367521367521367,0.19658119658119658,0.9585474366846567,0.05,1e-20,1e-20,1e-20,0.11491442542787286,2.5180671316697293e-05,0.12857142857142856,0.15196078431372548,0.17880794701986755,0.2,0.08695652173913043,0.14285714285714285,0.9674124800755652,0.21367521367521367,0.19658119658119658,0.9585474366846567,0.05,0.744270205066345,0.5,0.5,0.11491442542787286,1.0,0.12857142857142856,0.15196078431372548
Vehicle_10,8389637,957,0.19047619047619047,0.09876543209876543,1e-20,1e-20,0.9674124800755652,0.028052805280528052,0.022641509433962263,0.9585474366846567,1e-20,1e-20,1e-20,1e-20,0.029239766081871343,0.00022662604185027572,0.12698412698412698,0.11931818181818182,0.19047619047619047,0.09876543209876543,0.04,0.07142857142857142,0.9674124800755652,0.028052805280528052,0.022641509433962263,0.9585474366846567,0.1111111111111111,0.744270205066345,0.5,1.0,0.029239766081871343,0.5,0.12698412698412698,0.11931818181818182
Vehicle_10,8389637,958,0.020833333333333332,0.05,1e-20,1e-20,0.9674124800755652,0.09422492401215805,0.08536585365853659,0.04145256331534326,0.002074887316495858,1e-20,0.0009870823156145343,0.00045325208370055144,0.09022556390977443,0.0003374209956437439,0.13537117903930132,0.3108108108108108,0.020833333333333332,0.05,0.3333333333333333,0.5,0.9674124800755652,0.09422492401215805,0.08536585365853659,0.04145256331534326,0.5,0.744270205066345,0.5,0.5,0.09022556390977443,1.0,0.13537117903930132,0.3108108108108108
Vehicle_10,8389637,959,0.07407407407407407,0.058823529411764705,1e-20,1e-20,0.9674124800755652,0.05660377358490566,0.05063291139240506,0.8008934269304403,1e-20,1e-20,1e-20,0.0011633470148314153,0.05976095617529881,0.0009870823156145343,0.09216589861751152,0.08993576017130621,0.07407407407407407,0.058823529411764705,0.5,1.0,0.9674124800755652,0.05660377358490566,0.05063291139240506,0.8008934269304403,0.3333333333333333,0.744270205066345,0.3333333333333333,1.0,0.05976095617529881,1.0,0.09216589861751152,0.08993576017130621
Vehicle_10,8389637,960,0.10810810810810811,0.15789473684210525,0.004069196484778284,0.002019489839599124,0.9674124800755652,0.1568627450980392,0.17391304347826086,0.9613603654339529,1e-20,1e-20,1e-20,1e-20,0.07631578947368421,1e-20,0.07547169811320754,0.08365019011406843,0.10810810810810811,0.15789473684210525,0.3333333333333333,0.3333333333333333,0.9674124800755652,0.1568627450980392,0.17391304347826086,0.9613603654339529,0.25,0.744270205066345,0.5,0.3333333333333333,0.07631578947368421,1.0,0.07547169811320754,0.08365019011406843
Vehicle_10,8389637,961,0.13636363636363635,0.07692307692307693,1e-20,1e-20,0.9674124800755652,0.2664015904572565,0.326007326007326,0.9613603654339529,1e-20,1e-20,1e-20,1e-20,0.019704433497536946,1e-20,0.14130434782608695,0.1388888888888889,0.13636363636363635,0.07692307692307693,0.25,1.0,0.9674124800755652,0.2664015904572565,0.326007326007326,0.9613603654339529,0.2,0.744270205066345,0.16666666666666666,0.3333333333333333,0.019704433497536946,0.5,0.14130434782608695,0.1388888888888889
Vehicle_10,8389637,962,0.047058823529411764,0.14754098360655737,1e-20,0.002462669654772996,0.9674124800755652,0.15173172072567345,0.15928369462770972,0.9613603654339529,1e-20,1e-20,1e-20,1e-20,0.06535947712418301,1e-20,0.07339449541284404,0.07981220657276995,0.047058823529411764,0.14754098360655737,0.5,1.0,0.9674124800755652,0.15173172072567345,0.15928369462770972,0.9613603654339529,0.5,0.744270205066345,0.125,0.16666666666666666,0.06535947712418301,0.6666666666666666,0.07339449541284404,0.07981220657276995
Vehicle_10,8389637,963,0.0989010989010989,0.10344827586206896,1e-20,1e-20,0.9674124800755652,0.07373737373737374,0.07054673721340388,0.9613603654339529,1e-20,1e-20,1e-20,1e-20,0.056,1e-20,0.027777777777777776,0.048327137546468404,0.0989010989010989,0.10344827586206896,0.14285714285714285,0.3333333333333333,0.9674124800755652,0.07373737373737374,0.07054673721340388,0.9613603654339529,0.05,0.744270205066345,0.16666666666666666,0.16666666666666666,0.056,0.16666666666666666,0.027777777777777776,0.048327137546468404
Vehicle_10,8389637,964,0.03333333333333333,0.14102564102564102,1e-20,1e-20,0.9674124800755652,0.07936507936507936,0.08673469387755102,0.9613603654339529,0.058823529411764705,1e-20,1e-20,1e-20,0.03260869565217391,1e-20,0.13402061855670103,0.14646464646464646,0.03333333333333333,0.14102564102564102,0.041666666666666664,0.08333333333333333,0.9674124800755652,0.07936507936507936,0.08673469387755102,0.9613603654339529,0.058823529411764705,0.744270205066345,0.1,0.14285714285714285,0.03260869565217391,0.3333333333333333,0.13402061855670103,0.14646464646464646
Vehicle_10,8389637,965,0.021897810218978103,0.22093023255813954,1e-20,0.0009770100470878553,0.9674124800755652,0.17933130699088146,0.17058823529411765,0.9613603654339529,1e-20,1e-20,1e-20,1e-20,0.052083333333333336,0.0005439025004406618,0.06504065040650407,0.06263498920086392,0.021897810218978103,0.22093023255813954,1.0,0.5,0.9674124800755652,0.17933130699088146,0.17058823529411765,0.9613603654339529,0.2,0.744270205066345,1.0,0.3333333333333333,0.052083333333333336,0.25,0.06504065040650407,0.06263498920086392
Vehicle_10,8389637,966,0.2,0.028037383177570093,1e-20,0.0006295167829174326,0.9674124800755652,0.16471277842907386,0.1673913043478261,0.9613603654339529,1e-20,1e-20,1e-20,1e-20,0.09,1e-20,0.07368421052631578,0.0972972972972973,0.2,0.028037383177570093,1.0,1.0,0.9674124800755652,0.16471277842907386,0.1673913043478261,0.9613603654339529,0.3333333333333333,0.744270205066345,1.0,1.0,0.09,1.0,0.07368421052631578,0.0972972972972973
Vehicle_10,8389637,967,0.1111111111111111,0.029411764705882353,1e-20,1e-20,0.9674124800755652,0.13652275379229872,0.1352549889135255,0.9613603654339529,1e-20,1e-20,1e-20,1e-20,0.11587982832618025,1e-20,0.2692307692307692,0.24897959183673468,0.1111111111111111,0.029411764705882353,0.5,0.5,0.9674124800755652,0.13652275379229872,0.1352549889135255,0.9613603654339529,0.3333333333333333,0.744270205066345,0.3333333333333333,0.5,0.11587982832618025,1.0,0.2692307692307692,0.24897959183673468
Vehicle_10,8389637,968,0.16363636363636364,0.1746031746031746,0.0009669377785611764,0.0004834688892805882,0.9674124800755652,0.19320214669051877,0.18118466898954705,0.9613603654339529,0.0011935638204114522,1e-20,1e-20,1e-20,0.166189111747851,5.539747689673406e-05,0.09375,0.09365558912386707,0.16363636363636364,0.1746031746031746,1.0,1.0,0.9674124800755652,0.19320214669051877,0.18118466898954705,0.9613603654339529,0.2,0.744270205066345,1.0,1.0,0.166189111747851,0.5,0.09375,0.09365558912386707
Vehicle_10,8389637,969,0.24087591240875914,0.24742268041237114,1e-20,1e-20,0.9674124800755652,0.09281045751633987,0.08029197080291971,0.9613603654339529,1e-20,1e-20,0.0008359982877143505,0.0004381436809105331,0.059190031152647975,0.00021151763906025734,0.11029411764705882,0.12063492063492064,0.24087591240875914,0.24742268041237114,1.0,1.0,0.9674124800755652,0.09281045751633987,0.08029197080291971,0.9613603654339529,0.16666666666666666,0.744270205066345,1.0,1.0,0.059190031152647975,1.0,0.11029411764705882,0.12063492063492064
Vehicle_10,8389637,970,0.14130434782608695,0.09154929577464789,0.2,1e-20,0.9674124800755652,0.17090069284064666,0.1623931623931624,0.9613603654339529,0.11764705882352941,1e-20,1e-20,0.0003424571299070833,0.07692307692307693,8.561428247677081e-05,0.11320754716981132,0.1245136186770428,0.14130434782608695,0.09154929577464789,0.2,0.25,0.9674124800755652,0.17090069284064666,0.1623931623931624,0.9613603654339529,0.11764705882352941,0.744270205066345,1.0,1.0,0.07692307692307693,1.0,0.11320754716981132,0.1245136186770428
Vehicle_10,8389637,971,0.15894039735099338,0.2,1e-20,1e-20,0.9674124800755652,0.13458110516934046,0.14240506329113925,0.9613603654339529,0.11764705882352941,1e-20,1e-20,1e-20,0.13509749303621169,0.00015612016216352327,0.1794871794871795,0.1916376306620209,0.15894039735099338,0.2,0.2,0.3333333333333333,0.9674124800755652,0.13458110516934046,0.14240506329113925,0.9613603654339529,0.11764705882352941,0.744270205066345,0.3333333333333333,0.5,0.13509749303621169,1.0,0.1794871794871795,0.1916376306620209
Vehicle_10,8389637,972,0.16071428571428573,0.16129032258064516,1e-20,1e-20,0.9674124800755652,0.3254950495049505,0.35135135135135137,0.9613603654339529,1e-20,1e-20,1e-20,0.0005187218291239645,0.16765578635014836,0.00017626469921688112,0.2784313725490196,0.33996937212863704,0.16071428571428573,0.16129032258064516,0.25,0.5,0.9674124800755652,0.3254950495049505,0.35135135135135137,0.9613603654339529,0.18181818181818182,0.744270205066345,1.0,0.5,0.16765578635014836,1.0,0.2784313725490196,0.33996937212863704
Vehicle_10,8389637,973,0.11235955056179775,0.07142857142857142,1e-20,1e-20,0.9674124800755652,0.2217687074829932,0.23917995444191345,0.9613603654339529,0.25,1e-20,1e-20,1e-20,0.05341246290801187,8.561428247677081e-05,0.09411764705882353,0.10719754977029096,0.11235955056179775,0.07142857142857142,1.0,1.0,0.9674124800755652,0.2217687074829932,0.23917995444191345,0.9613603654339529,0.25,0.744270205066345,1.0,1.0,0.05341246290801187,1.0,0.09411764705882353,0.10719754977029096
Vehicle_10,8389637,974,0.14634146341463414,0.14285714285714285,0.4,0.3333333333333333,0.9674124800755652,0.2465483234714004,0.2635135135135135,0.9613603654339529,0.08333333333333333,1e-20,1e-20,1e-20,0.17123287671232876,0.00015612016216352327,0.18333333333333332,0.15771812080536912,0.14634146341463414,0.14285714285714285,0.4,0.3333333333333333,0.9674124800755652,0.2465483234714004,0.2635135135135135,0.9613603654339529,0.08333333333333333,0.744270205066345,0.5,0.5,0.17123287671232876,1.0,0.18333333333333332,0.15771812080536912
Vehicle_10,8389637,975,0.11904761904761904,0.20833333333333334,1e-20,1e-20,0.9674124800755652,1e-20,1e-20,0.9613603654339529,1e-20,1e-20,0.0010072268526678922,0.0005640470374940196,0.031073446327683617,0.0002568428474303125,0.017094017094017096,0.024390243902439025,0.11904761904761904,0.20833333333333334,0.14285714285714285,0.5,0.9674124800755652,0.004123711340206186,0.006872852233676976,0.9613603654339529,0.14285714285714285,0.744270205066345,1.0,1.0,0.031073446327683617,1.0,0.017094017094017096,0.024390243902439025
Vehicle_10,8389637,976,0.038461538461538464,1e-20,1e-20,1e-20,0.9674124800755652,1e-20,1e-20,0.9613603654339529,0.5,1e-20,0.0010122629869312315,0.00045325208370055144,0.006024096385542169,0.0003374209956437439,0.02857142857142857,0.08433734939759036,0.038461538461538464,0.010752688172043012,1.0,1.0,0.9674124800755652,0.18181818181818182,0.16666666666666666,0.9613603654339529,0.5,0.744270205066345,1.0,0.5,0.006024096385542169,1.0,0.02857142857142857,0.08433734939759036
Vehicle_10,8389637,977,0.017857142857142856,1e-20,1e-20,1e-20,0.9674124800755652,0.125,1e-20,0.9613603654339529,1e-20,1e-20,1e-20,1e-20,1e-20,1e-20,0.03333333333333333,0.05,0.017857142857142856,0.25,1.0,1.0,0.9674124800755652,0.125,0.2,0.9613603654339529,0.3333333333333333,0.744270205066345,1.0,1.0,0.058823529411764705,1.0,0.03333333333333333,0.05
Vehicle_10,8389637,978,1e-20,1e-20,1e-20,0.001017299121194571,0.9674124800755652,0.14678899082568808,0.12,0.9613603654339529,1e-20,1e-20,1e-20,0.0007856369450809558,0.028985507246376812,0.0005388663661773223,0.11494252873563218,0.11764705882352941,0.010752688172043012,0.2,1.0,1.0,0.9674124800755652,0.14678899082568808,0.12,0.9613603654339529,0.3333333333333333,0.744270205066345,0.5,0.2,0.028985507246376812,1.0,0.11494252873563218,0.11764705882352941
Vehicle_10,8389637,979,0.02857142857142857,0.21428571428571427,1e-20,1e-20,0.9674124800755652,0.145,0.15306122448979592,0.9613603654339529,1e-20,1e-20,0.2,1e-20,0.06779661016949153,1e-20,0.07954545454545454,0.07746478873239436,0.02857142857142857,0.21428571428571427,0.1111111111111111,0.25,0.9674124800755652,0.145,0.15306122448979592,0.9613603654339529,0.041666666666666664,0.744270205066345,0.2,0.5,0.06779661016949153,0.5,0.07954545454545454,0.07746478873239436
Vehicle_10,8389637,980,0.1568627450980392,0.13513513513513514,0.07142857142857142,0.125,0.9674124800755652,0.08024691358024691,0.03896103896103896,0.9613603654339529,0.125,1e-20,1e-20,1e-20,0.06557377049180328,1e-20,0.09868421052631579,0.10599078341013825,0.1568627450980392,0.13513513513513514,0.07142857142857142,0.125,0.9674124800755652,0.08024691358024691,0.03896103896103896,0.9613603654339529,0.125,0.744270205066345,0.125,0.5,0.06557377049180328,1.0,0.09868421052631579,0.10599078341013825
Vehicle_10,8389637,981,0.07547169811320754,0.13793103448275862,1e-20,1e-20,0.9674124800755652,0.05747126436781609,0.0392156862745098,0.9613603654339529,1e-20,1e-20,1e-20,1e-20,0.03278688524590164,1e-20,0.19523809523809524,0.1757188498402556,0.07547169811320754,0.13793103448275862,0.043478260869565216,0.09090909090909091,0.9674124800755652,0.05747126436781609,0.0392156862745098,0.9613603654339529,0.03333333333333333,0.744270205066345,0.5,0.3333333333333333,0.03278688524590164,1.0,0.19523809523809524,0.1757188498402556
Vehicle_10,8389637,982,0.007633587786259542,0.19047619047619047,0.25,1e-20,0.9674124800755652,0.014492753623188406,1e-20,0.9613603654339529,1e-20,1e-20,1e-20,1e-20,1e-20,1e-20,0.005681818181818182,0.014084507042253521,0.007633587786259542,0.19047619047619047,0.25,0.5,0.9674124800755652,0.014492753623188406,0.06451612903225806,0.9613603654339529,0.3333333333333333,0.744270205066345,1.0,0.5,0.05,1.0,0.005681818181818182,0.014084507042253521
Vehicle_10,8389637,983,0.10909090909090909,1e-20,0.1875,0.25,0.9674124800755652,1e-20,1e-20,0.03863963456604718,0.07692307692307693,1e-20,1e-20,0.0012993226399415807,1e-20,0.001148238612041397,1e-20,0.013157894736842105,0.10909090909090909,0.011904761904761904,0.1875,0.25,0.9674124800755652,0.058823529411764705,0.16666666666666666,0.03863963456604718,0.07692307692307693,0.744270205066345,1.0,1.0,0.043478260869565216,1.0,0.025,0.013157894736842105
Vehicle_10,8389637,984,0.03529411764705882,1e-20,1e-20,1e-20,0.9674124800755652,1e-20,0.0023871276408229045,0.8207282913165266,1e-20,1e-20,1e-20,0.00215042933044595,1e-20,1e-20,1e-20,1e-20,0.03529411764705882,0.125,0.09090909090909091,0.2,0.9674124800755652,0.3333333333333333,1.0,0.8207282913165266,0.14285714285714285,0.744270205066345,0.3333333333333333,1.0,0.5,1.0,0.25,0.05555555555555555
Vehicle_10,8389637,985,0.09523809523809523,1e-20,0.09090909090909091,1e-20,0.9674124800755652,1e-20,1e-20,0.9585474366846567,1e-20,1e-20,1e-20,1e-20,1e-20,1e-20,1e-20,1e-20,0.09523809523809523,0.25,0.09090909090909091,0.2,0.9674124800755652,1.0,1.0,0.9585474366846567,0.05,0.744270205066345,0.25,0.3333333333333333,0.14285714285714285,0.5,1.0,0.2
Vehicle_10,8389637,986,0.005494505494505495,0.0027210679059848403,1e-20,1e-20,0.9674124800755652,1e-20,0.0016921411124820587,0.9585474366846567,0.08695652173913043,1e-20,0.09090909090909091,1e-20,1e-20,1e-20,1e-20,1e-20,0.005494505494505495,0.5,0.024390243902439025,0.05555555555555555,0.9674124800755652,1.0,0.5,0.9585474366846567,0.08695652173913043,0.744270205066345,0.09090909090909091,0.3333333333333333,0.16666666666666666,0.3333333333333333,1.0,0.14285714285714285
Vehicle_10,8389637,987,0.15625,1e-20,0.08333333333333333,0.05263157894736842,0.9674124800755652,0.13333333333333333,0.25,0.9585474366846567,1e-20,1e-20,1e-20,1e-20,1e-20,1e-20,0.14285714285714285,0.10526315789473684,0.15625,0.3333333333333333,0.08333333333333333,0.05263157894736842,0.9674124800755652,0.13333333333333333,0.25,0.9585474366846567,0.07692307692307693,0.744270205066345,0.07142857142857142,0.5,0.2,0.5,0.14285714285714285,0.10526315789473684
Vehicle_10,8389637,988,0.01694915254237288,0.14285714285714285,0.044444444444444446,0.07692307692307693,0.9674124800755652,0.05555555555555555,0.09090909090909091,0.9585474366846567,0.04878048780487805,1e-20,1e-20,1e-20,1e-20,1e-20,0.09836065573770492,0.08333333333333333,0.01694915254237288,0.14285714285714285,0.044444444444444446,0.07692307692307693,0.9674124800755652,0.05555555555555555,0.09090909090909091,0.9585474366846567,0.04878048780487805,0.744270205066345,0.25,0.5,0.5,0.5,0.09836065573770492,0.08333333333333333
Vehicle_10,8389637,989,0.07772020725388601,0.13333333333333333,1e-20,1e-20,0.9674124800755652,0.08333333333333333,1e-20,0.9585474366846567,1e-20,1e-20,1e-20,0.0012993226399415807,0.0022461158814493995,0.001148238612041397,0.018518518518518517,0.020202020202020204,0.07772020725388601,0.13333333333333333,0.03333333333333333,0.0625,0.9674124800755652,0.08333333333333333,0.25,0.9585474366846567,0.08333333333333333,0.744270205066345,1.0,1.0,1.0,1.0,0.018518518518518517,0.020202020202020204
Vehicle_10,8389637,990,0.04285714285714286,0.05405405405405406,1e-20,1e-20,0.9674124800755652,0.02,0.045454545454545456,0.9585474366846567,1e-20,1e-20,1e-20,0.0012539974315715257,1e-20,0.0010324075239845894,1e-20,1e-20,0.04285714285714286,0.05405405405405406,0.1111111111111111,0.3333333333333333,0.9674124800755652,0.02,0.045454545454545456,0.9585474366846567,0.13333333333333333,0.744270205066345,1.0,1.0,1.0,1.0,0.25,0.08695652173913043
Vehicle_10,8389637,991,0.10465116279069768,1e-20,1e-20,1e-20,0.03258751992443474,1e-20,1e-20,0.9585474366846567,1e-20,1e-20,1e-20,1e-20,1e-20,1e-20,1e-20,1e-20,0.10465116279069768,0.1111111111111111,0.3333333333333333,0.5,0.03258751992443474,0.029411764705882353,0.08333333333333333,0.9585474366846567,0.15384615384615385,0.744270205066345,0.05263157894736842,0.5,1.0,0.5,0.25,0.08333333333333333
Vehicle_10,8389637,992,0.011695906432748537,1e-20,1e-20,1e-20,0.8513274336283185,1e-20,1e-20,0.9585474366846567,0.12,1e-20,1e-20,1e-20,0.14285714285714285,1e-20,0.16666666666666666,0.09523809523809523,0.011695906432748537,0.3333333333333333,0.2,1.0,0.8513274336283185,0.045454545454545456,0.16666666666666666,0.9585474366846567,0.12,0.744270205066345,0.0625,0.2,0.14285714285714285,0.14285714285714285,0.16666666666666666,0.09523809523809523
Vehicle_10,8389637,993,0.023255813953488372,1e-20,1e-20,1e-20,0.9618592351505288,0.13043478260869565,0.14285714285714285,0.9585474366846567,1e-20,1e-20,1e-20,1e-20,1e-20,1e-20,1e-20,0.16666666666666666,0.023255813953488372,0.5,0.5,0.5,0.9618592351505288,0.13043478260869565,0.14285714285714285,0.9585474366846567,0.03225806451612903,0.744270205066345,0.07692307692307693,0.2,0.3333333333333333,0.16666666666666666,0.14285714285714285,0.16666666666666666
Vehicle_10,8389637,994,0.11194029850746269,1e-20,1e-20,1e-20,0.9618592351505288,0.043478260869565216,1e-20,0.9585474366846567,1e-20,1e-20,1e-20,1e-20,1e-20,1e-20,0.1,0.047619047619047616,0.11194029850746269,0.3333333333333333,0.25,0.3333333333333333,0.9618592351505288,0.043478260869565216,0.2,0.9585474366846567,0.047619047619047616,0.744270205066345,0.09090909090909091,0.5,0.14285714285714285,0.5,0.1,0.047619047619047616
Vehicle_10,8389637,995,0.06077348066298342,0.2,0.1111111111111111,1e-20,0.9618592351505288,0.05,1e-20,0.9585474366846567,1e-20,1e-20,1e-20,0.0008762873618210662,1e-20,0.0008007453478709743,0.03571428571428571,0.030303030303030304,0.06077348066298342,0.2,0.1111111111111111,0.09090909090909091,0.9618592351505288,0.05,0.125,0.9585474366846567,0.06666666666666667,0.744270205066345,0.1,0.5,0.3333333333333333,0.3333333333333333,0.03571428571428571,0.030303030303030304
Vehicle_10,8389637,996,0.015625,1e-20,0.04878048780487805,1e-20,0.9618592351505288,1e-20,1e-20,0.9585474366846567,0.047619047619047616,1e-20,1e-20,1e-20,1e-20,1e-20,0.11538461538461539,0.0625,0.015625,0.08333333333333333,0.04878048780487805,0.04,0.9618592351505288,0.0625,0.14285714285714285,0.9585474366846567,0.047619047619047616,0.744270205066345,0.10526315789473684,1.0,0.2,0.25,0.11538461538461539,0.0625
Vehicle_10,8389637,997,0.09859154929577464,0.07692307692307693,1e-20,1e-20,0.9618592351505288,1e-20,1e-20,0.9585474366846567,1e-20,1e-20,1e-20,1e-20,1e-20,1e-20,0.08108108108108109,0.09411764705882353,0.09859154929577464,0.07692307692307693,0.019230769230769232,0.047619047619047616,0.9618592351505288,0.5,0.5,0.9585474366846567,0.047619047619047616,0.744270205066345,1.0,1.0,0.3333333333333333,1.0,0.08108108108108109,0.09411764705882353
Vehicle_10,8389637,998,0.018633540372670808,1e-20,1e-20,1e-20,0.9618592351505288,0.125,1e-20,0.9585474366846567,1e-20,1e-20,1e-20,1e-20,1e-20,0.0015259486817918565,1e-20,1e-20,0.018633540372670808,0.05,0.10526315789473684,0.07692307692307693,0.9618592351505288,0.125,0.2,0.9585474366846567,0.1111111111111111,0.744270205066345,0.3333333333333333,0.5,0.3333333333333333,1.0,0.02702702702702703,0.02197802197802198
Vehicle_10,8389637,999,0.07692307692307693,0.3333333333333333,0.09090909090909091,0.2,0.9618592351505288,0.08571428571428572,0.1,0.9585474366846567,0.09090909090909091,1e-20,1e-20,1e-20,0.041666666666666664,0.0023216578953994915,1e-20,0.09523809523809523,0.07692307692307693,0.3333333333333333,0.09090909090909091,0.2,0.9618592351505288,0.08571428571428572,0.1,0.9585474366846567,0.09090909090909091,0.744270205066345,0.05555555555555555,0.3333333333333333,0.041666666666666664,1.0,0.07692307692307693,0.09523809523809523
Vehicle_10,8389637,1000,1e-20,1e-20,1e-20,1e-20,0.03814076484947111,1e-20,1e-20,0.9585474366846567,0.05,1e-20,1e-20,1e-20,1e-20,1e-20,1e-20,1e-20,0.013793103448275862,0.3333333333333333,0.6666666666666666,0.5,0.03814076484947111,0.043478260869565216,0.1,0.9585474366846567,0.05,0.744270205066345,1.0,0.25,0.03225806451612903,0.14285714285714285,0.25,0.041666666666666664
Vehicle_10,8389637,1001,0.12727272727272726,1e-20,1e-20,1e-20,0.8374371859296482,1e-20,1e-20,0.9585474366846567,0.03333333333333333,1e-20,1e-20,1e-20,1e-20,1e-20,1e-20,1e-20,0.12727272727272726,0.3333333333333333,0.3333333333333333,1.0,0.8374371859296482,0.09090909090909091,0.2,0.9585474366846567,0.03333333333333333,0.744270205066345,0.3333333333333333,0.2,0.09090909090909091,1.0,0.3333333333333333,0.08333333333333333
Vehicle_10,8389637,1002,0.15306122448979592,0.0027009491044618474,0.25,1e-20,0.9674124800755652,1e-20,0.006118903129957444,0.04145256331534326,0.09523809523809523,1e-20,1e-20,1e-20,1e-20,1e-20,1e-20,1e-20,0.15306122448979592,1.0,0.25,0.5,0.9674124800755652,1.0,1.0,0.04145256331534326,0.09523809523809523,0.744270205066345,0.14285714285714285,0.14285714285714285,0.125,0.125,1.0,1.0
Vehicle_10,8389637,1003,0.14622641509433962,0.0033246319516746386,1e-20,1e-20,0.9674124800755652,1e-20,1e-20,0.8008934269304403,1e-20,1e-20,1e-20,1e-20,0.020833333333333332,1e-20,1e-20,1e-20,0.14622641509433962,1.0,0.014925373134328358,0.02702702702702703,0.9674124800755652,0.5,1.0,0.8008934269304403,0.030303030303030304,0.744270205066345,0.06666666666666667,0.1,0.020833333333333332,0.1111111111111111,1.0,0.05555555555555555
Vehicle_10,8389637,1004,0.2899786780383795,0.0023840779804747032,1e-20,1e-20,0.9674124800755652,1e-20,0.004597990582428928,0.9613603654339529,0.08695652173913043,1e-20,1e-20,1e-20,1e-20,1e-20,1e-20,0.09090909090909091,0.2899786780383795,0.5,0.3333333333333333,0.5,0.9674124800755652,1.0,1.0,0.9613603654339529,0.08695652173913043,0.744270205066345,0.05555555555555555,0.5,0.16666666666666666,0.1111111111111111,0.25,0.09090909090909091
Vehicle_10,8389637,1005,0.2899786780383795,0.002922255921214773,1e-20,1e-20,0.03258751992443474,0.08888888888888889,0.13636363636363635,0.9613603654339529,1e-20,1e-20,1e-20,1e-20,1e-20,1e-20,1e-20,1e-20,0.2899786780383795,1.0,0.25,0.3333333333333333,0.03258751992443474,0.08888888888888889,0.13636363636363635,0.9613603654339529,0.043478260869565216,0.744270205066345,0.5,0.1111111111111111,0.023255813953488372,0.16666666666666666,0.5,0.5
Vehicle_10,8389637,1006,0.010660980810234541,0.0027260976063655886,1e-20,1e-20,0.8513274336283185,0.05555555555555555,0.05660377358490566,0.9613603654339529,1e-20,1e-20,1e-20,1e-20,1e-20,1e-20,1e-20,1e-20,0.010660980810234541,1.0,0.08333333333333333,1.0,0.8513274336283185,0.05555555555555555,0.05660377358490566,0.9613603654339529,0.1,0.744270205066345,0.2,1.0,0.14285714285714285,0.5,1.0,0.125
Vehicle_10,8389637,1007,0.01020408163265306,1e-20,1e-20,0.001969128496965729,0.9618592351505288,0.11363636363636363,0.13636363636363635,0.9613603654339529,1e-20,1e-20,0.0020698511822325183,1e-20,1e-20,0.0006949865283408456,1e-20,0.16666666666666666,0.01020408163265306,0.5,1.0,1.0,0.9618592351505288,0.11363636363636363,0.13636363636363635,0.9613603654339529,0.5,0.744270205066345,0.3333333333333333,1.0,0.05263157894736842,1.0,0.2,0.16666666666666666
Vehicle_10,8389637,1008,0.02857142857142857,1e-20,1e-20,1e-20,0.9618592351505288,0.18,0.16981132075471697,0.9613603654339529,1e-20,1e-20,1e-20,0.0007856369450809558,0.09523809523809523,0.0005388663661773223,1e-20,0.022727272727272728,0.02857142857142857,0.25,0.25,0.5,0.9618592351505288,0.18,0.16981132075471697,0.9613603654339529,1.0,0.744270205066345,1.0,0.5,0.09523809523809523,0.3333333333333333,0.038461538461538464,0.022727272727272728
Vehicle_10,8389637,1009,0.11538461538461539,0.21052631578947367,0.0625,0.09090909090909091,0.9618592351505288,0.14166666666666666,0.12307692307692308,0.9613603654339529,1e-20,1e-20,1e-20,1e-20,0.03225806451612903,1e-20,0.08641975308641975,0.09561752988047809,0.11538461538461539,0.21052631578947367,0.0625,0.09090909090909091,0.9618592351505288,0.14166666666666666,0.12307692307692308,0.9613603654339529,0.16666666666666666,0.744270205066345,0.25,0.5,0.03225806451612903,0.5,0.08641975308641975,0.09561752988047809
Vehicle_10,8389637,1010,0.16022099447513813,0.1724137931034483,0.08333333333333333,0.2,0.9618592351505288,1e-20,1e-20,0.9613603654339529,0.07692307692307693,1e-20,1e-20,1e-20,1e-20,1e-20,0.03614457831325301,0.024271844660194174,0.16022099447513813,0.1724137931034483,0.08333333333333333,0.2,0.9618592351505288,0.01639344262295082,0.034482758620689655,0.9613603654339529,0.07692307692307693,0.744270205066345,0.5,1.0,0.047619047619047616,1.0,0.03614457831325301,0.024271844660194174
Vehicle_10,8389637,1011,0.09259259259259259,0.015151515151515152,1e-20,1e-20,0.9618592351505288,1e-20,1e-20,0.9613603654339529,0.15,1e-20,1e-20,1e-20,1e-20,1e-20,1e-20,1e-20,0.09259259259259259,0.015151515151515152,0.1,0.3333333333333333,0.9618592351505288,0.09090909090909091,0.1111111111111111,0.9613603654339529,0.15,0.744270205066345,0.25,0.5,0.125,0.3333333333333333,0.06666666666666667,0.02857142857142857
Vehicle_10,8389637,1012,0.11229946524064172,0.2,1e-20,1e-20,0.9618592351505288,1e-20,1e-20,0.9613603654339529,0.043478260869565216,1e-20,0.1111111111111111,1e-20,1e-20,1e-20,1e-20,1e-20,0.11229946524064172,0.2,0.3333333333333333,0.5,0.9618592351505288,0.2,0.25,0.9613603654339529,0.043478260869565216,0.744270205066345,0.1111111111111111,1.0,0.14285714285714285,0.5,0.14285714285714285,0.07692307692307693
Vehicle_10,8389637,1013,0.16666666666666666,1e-20,1e-20,1e-20,0.9618592351505288,1e-20,1e-20,0.9613603654339529,1e-20,1e-20,1e-20,1e-20,0.25,1e-20,1e-20,1e-20,0.16666666666666666,0.25,0.05555555555555555,0.09090909090909091,0.9618592351505288,0.2,0.25,0.9613603654339529,0.037037037037037035,0.744270205066345,0.14285714285714285,1.0,0.25,1.0,0.058823529411764705,0.05128205128205128
Vehicle_10,8389637,1014,0.02717391304347826,1e-20,1e-20,1e-20,0.9618592351505288,1e-20,1e-20,0.9613603654339529,1e-20,1e-20,1e-20,1e-20,1e-20,0.0008057814821343137,1e-20,1e-20,0.02717391304347826,0.016129032258064516,0.047619047619047616,0.09090909090909091,0.9618592351505288,1.0,1.0,0.9613603654339529,0.09090909090909091,0.744270205066345,0.125,1.0,0.3333333333333333,1.0,0.3333333333333333,0.14285714285714285
Vehicle_10,8389637,1015,0.02564102564102564,1e-20,1e-20,1e-20,0.9618592351505288,0.013320575126532874,0.007508876186639136,0.9613603654339529,1e-20,1e-20,1e-20,1e-20,0.019137310200689952,1e-20,0.00737290056152897,1e-20,0.02564102564102564,0.14285714285714285,0.125,0.3333333333333333,0.9618592351505288,1.0,1.0,0.9613603654339529,0.07142857142857142,0.744270205066345,0.2,0.5,0.2,1.0,0.5,1.0
Vehicle_10,8389637,1016,1e-20,1e-20,1e-20,1e-20,0.9618592351505288,0.03633570870999421,0.020099211844987787,0.9613603654339529,1e-20,1e-20,1e-20,1e-20,0.02499937048321708,1e-20,1e-20,1e-20,0.06060606060606061,1.0,0.3333333333333333,0.3333333333333333,0.9618592351505288,1.0,1.0,0.9613603654339529,0.041666666666666664,0.744270205066345,1.0,1.0,1.0,1.0,1.0,0.25
Vehicle_10,8389637,1017,0.009259259259259259,0.002907166820072528,1e-20,0.0004079268753304963,0.9618592351505288,0.09145129224652088,0.07326007326007326,0.9613603654339529,1e-20,1e-20,1e-20,1e-20,0.1277258566978193,7.55420139500919e-05,0.10699588477366255,0.07395498392282958,0.009259259259259259,1.0,0.5,0.5,0.9618592351505288,0.09145129224652088,0.07326007326007326,0.9613603654339529,0.3333333333333333,0.744270205066345,1.0,0.3333333333333333,0.1277258566978193,1.0,0.10699588477366255,0.07395498392282958
Vehicle_10,8389637,1018,0.19642857142857142,0.19230769230769232,1e-20,0.0004834688892805882,0.9618592351505288,0.2893401015228426,0.32673267326732675,0.9613603654339529,0.0011935638204114522,1e-20,0.0005237579633873039,0.00025180671316697305,0.059548254620123205,7.55420139500919e-05,0.24271844660194175,0.29218106995884774,0.19642857142857142,0.19230769230769232,0.5,0.5,0.9618592351505288,0.2893401015228426,0.32673267326732675,0.9613603654339529,1.0,0.744270205066345,1.0,1.0,0.059548254620123205,1.0,0.24271844660194175,0.29218106995884774
Vehicle_10,8389637,1019,0.02631578947368421,0.22727272727272727,1e-20,1e-20,0.9618592351505288,0.2120451693851945,0.22246696035242292,0.9613603654339529,1e-20,1e-20,0.0005287940976506434,0.0003223125928537255,0.11572700296735905,0.00010575881953012865,0.1062992125984252,0.10719754977029096,0.02631578947368421,0.22727272727272727,0.15384615384615385,0.4,0.9618592351505288,0.2120451693851945,0.22246696035242292,0.9613603654339529,0.07142857142857142,0.744270205066345,1.0,1.0,0.11572700296735905,0.5,0.1062992125984252,0.10719754977029096
Vehicle_10,8389637,1020,0.3618421052631579,0.10606060606060606,1e-20,1e-20,0.9618592351505288,0.013501350135013501,0.01088646967340591,0.9613603654339529,1e-20,1e-20,0.0011079495379346814,0.0005640470374940196,0.017793594306049824,0.0002568428474303125,0.10236220472440945,0.1342281879194631,0.3618421052631579,0.10606060606060606,0.1111111111111111,0.14285714285714285,0.9618592351505288,0.013501350135013501,0.01088646967340591,0.9613603654339529,0.25,0.744270205066345,1.0,1.0,0.017793594306049824,1.0,0.10236220472440945,0.1342281879194631
Vehicle_10,8389637,1021,0.03289473684210526,1e-20,1e-20,1e-20,0.9618592351505288,1e-20,1e-20,0.9613603654339529,1e-20,1e-20,0.0011079495379346814,0.0005237579633873039,1e-20,0.0003223125928537255,0.008,0.007407407407407408,0.03289473684210526,0.022727272727272728,0.25,1.0,0.9618592351505288,0.039603960396039604,0.021739130434782608,0.9613603654339529,0.16666666666666666,0.744270205066345,0.5,0.5,0.008695652173913044,1.0,0.008,0.007407407407407408
Vehicle_10,8389637,1022,0.03571428571428571,1e-20,0.0032785234054339887,0.001661924306902022,0.9618592351505288,1e-20,1e-20,0.9613603654339529,1e-20,1e-20,1e-20,1e-20,1e-20,0.0008108176163976532,0.16666666666666666,0.07317073170731707,0.03571428571428571,0.07692307692307693,0.5,1.0,0.9618592351505288,0.125,0.1111111111111111,0.9613603654339529,1.0,0.744270205066345,0.5,0.5,0.03508771929824561,1.0,0.16666666666666666,0.07317073170731707
Vehicle_10,8389637,1023,0.0851063829787234,1e-20,1e-20,1e-20,0.9618592351505288,1e-20,1e-20,0.9613603654339529,1e-20,1e-20,1e-20,1e-20,0.0625,0.0010122629869312315,1e-20,1e-20,0.0851063829787234,0.1111111111111111,0.125,0.2,0.9618592351505288,0.07692307692307693,0.16666666666666666,0.9613603654339529,0.2,0.744270205066345,1.0,0.5,0.0625,0.5,0.08333333333333333,0.027777777777777776
Vehicle_10,8389637,1024,0.017543859649122806,1e-20,0.14285714285714285,0.5,0.9618592351505288,1e-20,1e-20,0.9613603654339529,0.13333333333333333,1e-20,1e-20,1e-20,1e-20,1e-20,1e-20,1e-20,0.017543859649122806,0.2,0.14285714285714285,0.5,0.9618592351505288,0.18181818181818182,0.3333333333333333,0.9613603654339529,0.13333333333333333,0.744270205066345,1.0,0.2,0.058823529411764705,0.5,0.08333333333333333,0.03225806451612903
Vehicle_10,8389637,1025,0.14285714285714285,1e-20,1e-20,1e-20,0.9618592351505288,1e-20,1e-20,0.9613603654339529,1e-20,1e-20,1e-20,0.0012388890287815073,1e-20,0.001344647848311636,1e-20,1e-20,0.14285714285714285,1.0,0.2,0.5,0.9618592351505288,0.1111111111111111,0.14285714285714285,0.9613603654339529,0.10526315789473684,0.744270205066345,1.0,1.0,1.0,1.0,0.1,0.0625
Vehicle_10,8389637,1026,0.024509803921568627,1e-20,1e-20,1e-20,0.9618592351505288,1e-20,1e-20,0.9613603654339529,0.03571428571428571,1e-20,0.00821393498350666,0.00015612016216352327,1e-20,1e-20,1e-20,1e-20,0.024509803921568627,0.25,1.0,1.0,0.9618592351505288,0.25,0.5,0.9613603654339529,0.03571428571428571,0.744270205066345,1.0,1.0,0.5,1.0,0.25,0.125
Vehicle_10,8389637,1027,0.0967741935483871,1e-20,1e-20,1e-20,0.9618592351505288,1e-20,0.000579155440284038,0.9613603654339529,1e-20,1e-20,0.030303030303030304,1e-20,0.001641779769848664,0.0008007453478709743,1e-20,1e-20,0.0967741935483871,1.0,1.0,1.0,0.9618592351505288,1.0,0.5,0.9613603654339529,0.0625,0.744270205066345,0.030303030303030304,1.0,1.0,1.0,0.18181818181818182,0.03571428571428571
Vehicle_10,8389637,1028,1e-20,1e-20,0.0022371364653243847,0.00684931506849315,0.9618592351505288,1e-20,1e-20,0.9613603654339529,0.14285714285714285,1e-20,1e-20,0.0011834915518847732,0.0029008133356835295,0.0010777327323546447,0.015625,0.015037593984962405,0.05263157894736842,0.125,0.0022371364653243847,0.00684931506849315,0.9618592351505288,0.3333333333333333,0.5,0.9613603654339529,0.14285714285714285,0.744270205066345,0.024390243902439025,1.0,1.0,1.0,0.015625,0.015037593984962405
Vehicle_10,8389637,1029,0.0625,1e-20,1e-20,1e-20,0.9618592351505288,1e-20,1e-20,0.9613603654339529,1e-20,1e-20,1e-20,1e-20,1e-20,1e-20,1e-20,1e-20,0.0625,0.08333333333333333,0.25,1.0,0.9618592351505288,0.3333333333333333,1.0,0.9613603654339529,0.1,0.744270205066345,0.14285714285714285,0.25,0.25,0.5,0.25,0.1111111111111111
Vehicle_10,8389637,1030,0.1724137931034483,0.0026456224002736157,0.5,1e-20,0.9618592351505288,0.018971117769999747,0.009749955933825195,0.9613603654339529,1e-20,1e-20,1e-20,1e-20,1e-20,1e-20,1e-20,1e-20,0.1724137931034483,1.0,0.5,1.0,0.9618592351505288,1.0,1.0,0.9613603654339529,0.017241379310344827,0.744270205066345,0.09090909090909091,0.5,1.0,0.3333333333333333,0.3333333333333333,0.3333333333333333
Vehicle_10,8389637,1031,0.027972027972027972,1e-20,1e-20,0.0003676378012237806,0.9618592351505288,1e-20,1e-20,0.9613603654339529,1e-20,1e-20,1e-20,0.000513685694860625,1e-20,0.0003474932641704228,1e-20,1e-20,0.027972027972027972,1.0,1.0,1.0,0.9618592351505288,0.2,0.16666666666666666,0.9613603654339529,0.25,0.744270205066345,0.3333333333333333,1.0,0.029411764705882353,1.0,0.3333333333333333,0.2857142857142857
Vehicle_10,8389637,1032,0.08641975308641975,0.5,1e-20,1e-20,0.9618592351505288,0.037037037037037035,1e-20,0.9613603654339529,1e-20,1e-20,1e-20,1e-20,0.16666666666666666,0.0005187218291239645,0.043478260869565216,0.1,0.08641975308641975,0.5,0.25,1.0,0.9618592351505288,0.037037037037037035,0.07142857142857142,0.9613603654339529,0.3333333333333333,0.744270205066345,1.0,0.5,0.16666666666666666,1.0,0.043478260869565216,0.1
Vehicle_10,8389637,1033,0.06896551724137931,1e-20,1e-20,1e-20,0.9618592351505288,0.16243654822335024,0.15841584158415842,0.9613603654339529,1e-20,1e-20,1e-20,1e-20,0.05517241379310345,0.0001913731020068995,0.24271844660194175,0.29218106995884774,0.06896551724137931,0.06666666666666667,0.3333333333333333,1.0,0.9618592351505288,0.16243654822335024,0.15841584158415842,0.9613603654339529,0.25,0.744270205066345,0.25,0.3333333333333333,0.05517241379310345,1.0,0.24271844660194175,0.29218106995884774
Vehicle_10,8389637,1034,0.09473684210526316,0.2708333333333333,1e-20,1e-20,0.9618592351505288,0.3111954459203036,0.2902097902097902,0.9613603654339529,1e-20,1e-20,0.0005640470374940196,0.0002165537733235968,0.21073558648111332,0.00015612016216352327,0.33070866141732286,0.33996937212863704,0.09473684210526316,0.2708333333333333,0.125,0.5,0.9618592351505288,0.3111954459203036,0.2902097902097902,0.9613603654339529,0.1,0.744270205066345,0.3333333333333333,0.3333333333333333,0.21073558648111332,1.0,0.33070866141732286,0.33996937212863704
Vehicle_10,8389637,1035,0.09166666666666666,0.22388059701492538,1e-20,1e-20,0.9618592351505288,0.003694581280788177,0.001568627450980392,0.9613603654339529,1e-20,1e-20,0.0007100949311308639,0.0003575655326971017,0.0007733952049497294,0.0001913731020068995,0.1141732283464567,0.12098009188361408,0.09166666666666666,0.22388059701492538,1.0,1.0,0.9618592351505288,0.003694581280788177,0.001568627450980392,0.9613603654339529,0.25,0.744270205066345,1.0,1.0,0.0007733952049497294,1.0,0.1141732283464567,0.12098009188361408
Vehicle_10,8389637,1036,0.008547008547008548,1e-20,0.0015763100244252511,0.0007806008108176164,0.9618592351505288,0.05,0.022222222222222223,0.9613603654339529,1e-20,1e-20,0.00186840581169894,0.0009316848387178002,0.016129032258064516,0.0008561428247677083,0.01680672268907563,0.022813688212927757,0.008547008547008548,0.0273972602739726,1.0,0.5,0.9618592351505288,0.05,0.022222222222222223,0.9613603654339529,1.0,0.744270205066345,1.0,1.0,0.016129032258064516,1.0,0.01680672268907563,0.022813688212927757
Vehicle_10,8389637,1037,0.08108108108108109,0.4,1e-20,1e-20,0.9618592351505288,1e-20,1e-20,0.9613603654339529,1e-20,1e-20,1e-20,0.00015612016216352327,1e-20,5.539747689673406e-05,1e-20,0.046153846153846156,0.08108108108108109,0.4,0.5,0.5,0.9618592351505288,0.1111111111111111,0.1111111111111111,0.9613603654339529,0.25,0.744270205066345,0.5,1.0,0.011494252873563218,1.0,0.09090909090909091,0.046153846153846156
Vehicle_10,8389637,1038,0.12790697674418605,1e-20,1e-20,1e-20,0.9618592351505288,0.004651162790697674,0.009009009009009009,0.9613603654339529,1e-20,1e-20,0.002885704932893511,0.0013547201168383149,0.05263157894736842,0.0010021907184045527,1e-20,0.011299435028248588,0.12790697674418605,0.15384615384615385,0.1,0.2,0.9618592351505288,0.004651162790697674,0.009009009009009009,0.9613603654339529,0.08333333333333333,0.744270205066345,1.0,1.0,0.05263157894736842,1.0,0.013888888888888888,0.011299435028248588
Vehicle_10,8389637,1039,0.14450867052023122,1e-20,1e-20,1e-20,0.9618592351505288,0.07142857142857142,1e-20,0.9613603654339529,1e-20,1e-20,0.0030468612293203736,0.0009367209729811397,1e-20,0.0007050587968675245,1e-20,1e-20,0.14450867052023122,0.06451612903225806,0.06666666666666667,0.16666666666666666,0.9618592351505288,0.07142857142857142,0.1111111111111111,0.9613603654339529,0.1,0.744270205066345,1.0,1.0,0.027777777777777776,1.0,0.08333333333333333,0.08695652173913043
Vehicle_10,8389637,1040,0.037037037037037035,1e-20,1e-20,1e-20,0.9618592351505288,0.03571428571428571,1e-20,0.9613603654339529,0.2,1e-20,1e-20,1e-20,1e-20,1e-20,1e-20,1e-20,0.037037037037037035,1.0,0.16666666666666666,0.25,0.9618592351505288,0.03571428571428571,0.16666666666666666,0.9613603654339529,0.2,0.744270205066345,0.0625,1.0,0.09090909090909091,1.0,0.2,0.15789473684210525
Vehicle_10,8389637,1041,0.10588235294117647,1e-20,1e-20,1e-20,0.9618592351505288,0.037037037037037035,1e-20,0.9613603654339529,0.08333333333333333,1e-20,1e-20,1e-20,1e-20,1e-20,1e-20,1e-20,0.10588235294117647,0.3333333333333333,0.09090909090909091,0.5,0.9618592351505288,0.037037037037037035,0.2222222222222222,0.9613603654339529,0.08333333333333333,0.744270205066345,0.3333333333333333,1.0,0.037037037037037035,0.25,0.2,0.08333333333333333
Vehicle_10,8389637,1042,0.03896103896103896,1e-20,1e-20,1e-20,0.9618592351505288,1e-20,1e-20,0.9613603654339529,1e-20,1e-20,1e-20,0.0008913957646110845,1e-20,0.0006144083801274142,0.0038979679198247424,0.2,0.03896103896103896,0.1111111111111111,1.0,1.0,0.9618592351505288,0.08333333333333333,0.16666666666666666,0.9613603654339529,0.045454545454545456,0.744270205066345,0.038461538461538464,1.0,0.5,1.0,0.3333333333333333,0.2
Vehicle_10,8389637,1043,0.014084507042253521,1e-20,1e-20,1e-20,0.9618592351505288,0.25,1e-20,0.9613603654339529,1e-20,1e-20,0.01428247677083071,1e-20,1e-20,1e-20,1e-20,0.07692307692307693,0.014084507042253521,1.0,0.2,0.25,0.9618592351505288,0.25,0.3333333333333333,0.9613603654339529,0.16666666666666666,0.744270205066345,0.3333333333333333,0.5,0.5,1.0,0.2,0.07692307692307693
Vehicle_10,8389637,1044,0.06779661016949153,1e-20,0.005747126436781609,1e-20,0.9618592351505288,1e-20,1e-20,0.9613603654339529,1e-20,1e-20,0.05785123966942149,1e-20,1e-20,0.0006144083801274142,0.07042253521126761,0.05194805194805195,0.06779661016949153,0.1111111111111111,0.005747126436781609,0.01818181818181818,0.9618592351505288,0.09090909090909091,0.2,0.9613603654339529,0.10526315789473684,0.744270205066345,0.05785123966942149,0.3333333333333333,0.3333333333333333,0.5,0.07042253521126761,0.05194805194805195
Vehicle_10,8389637,1045,0.05434782608695652,0.13333333333333333,1e-20,1e-20,0.9618592351505288,1e-20,1e-20,0.9613603654339529,1e-20,1e-20,1e-20,1e-20,1e-20,1e-20,1e-20,1e-20,0.05434782608695652,0.13333333333333333,0.029411764705882353,0.029411764705882353,0.9618592351505288,0.16666666666666666,0.25,0.9613603654339529,0.2,0.744270205066345,0.021739130434782608,1.0,1.0,1.0,0.04878048780487805,0.010416666666666666
Vehicle_10,8389637,1046,0.013157894736842105,1e-20,1e-20,1e-20,0.9618592351505288,0.0041346662302016975,0.002084959585022537,0.9613603654339529,1e-20,1e-20,1e-20,0.0012086722232014706,0.0034447158361241913,1e-20,1e-20,1e-20,0.013157894736842105,0.023255813953488372,0.1111111111111111,0.25,0.9618592351505288,1.0,1.0,0.9613603654339529,0.16666666666666666,0.744270205066345,0.05,1.0,0.5,1.0,0.25,0.06666666666666667
Vehicle_10,8389637,1047,0.03125,1e-20,1e-20,1e-20,0.9618592351505288,1e-20,1e-20,0.9613603654339529,1e-20,1e-20,1e-20,0.0009316848387178002,1e-20,1e-20,1e-20,1e-20,0.03125,0.5,0.3333333333333333,1.0,0.9618592351505288,0.5,1.0,0.9613603654339529,0.1111111111111111,0.744270205066345,0.2,1.0,0.3333333333333333,0.16666666666666666,0.3333333333333333,0.2
Vehicle_10,8389637,1048,0.01818181818181818,0.5,1e-20,1e-20,0.9618592351505288,1e-20,1e-20,0.9613603654339529,1e-20,1e-20,1e-20,1e-20,1e-20,1e-20,1e-20,1e-20,0.01818181818181818,0.5,0.5,1.0,0.9618592351505288,0.13333333333333333,0.125,0.9613603654339529,0.4,0.744270205066345,1.0,0.25,0.07142857142857142,0.3333333333333333,0.2,0.1111111111111111
Vehicle_10,8389637,1049,0.010101010101010102,1e-20,1e-20,1e-20,0.9618592351505288,1e-20,1e-20,0.9613603654339529,1e-20,1e-20,0.002885704932893511,0.0009518293757711581,0.004406617480422028,0.0007856369450809558,0.058823529411764705,0.062146892655367235,0.010101010101010102,0.25,0.125,0.2,0.9618592351505288,0.07692307692307693,0.14285714285714285,0.9613603654339529,0.3333333333333333,0.744270205066345,1.0,1.0,1.0,1.0,0.058823529411764705,0.062146892655367235
Vehicle_10,8389637,1050,1e-20,0.15384615384615385,0.058823529411764705,0.2,0.9618592351505288,1e-20,1e-20,0.9613603654339529,1e-20,1e-20,0.0023770553722962254,0.0008158537506609926,1e-20,0.0006949865283408456,0.09375,0.10869565217391304,0.08333333333333333,0.15384615384615385,0.058823529411764705,0.2,0.9618592351505288,0.045454545454545456,0.08333333333333333,0.9613603654339529,0.07142857142857142,0.744270205066345,0.5,1.0,0.5,1.0,0.09375,0.10869565217391304
Vehicle_10,8389637,1051,1e-20,1e-20,1e-20,1e-20,0.9618592351505288,0.09090909090909091,1e-20,0.9613603654339529,1e-20,1e-20,1e-20,1e-20,0.1111111111111111,1e-20,0.010638297872340425,0.016877637130801686,0.010309278350515464,0.0625,0.16666666666666666,0.3333333333333333,0.9618592351505288,0.09090909090909091,0.2,0.9613603654339529,0.5,0.744270205066345,0.3333333333333333,0.5,0.1111111111111111,0.6666666666666666,0.010638297872340425,0.016877637130801686
Vehicle_10,8389637,1052,0.037037037037037035,1e-20,0.1,1e-20,0.9618592351505288,0.16666666666666666,1e-20,0.9613603654339529,1e-20,1e-20,1e-20,1e-20,1e-20,1e-20,1e-20,0.058823529411764705,0.037037037037037035,0.0625,0.1,0.3333333333333333,0.9618592351505288,0.16666666666666666,0.25,0.9613603654339529,0.14285714285714285,0.744270205066345,0.3333333333333333,0.25,0.06666666666666667,1.0,0.13333333333333333,0.058823529411764705
Vehicle_10,8389637,1053,0.07352941176470588,1e-20,1e-20,1e-20,0.9618592351505288,0.008403361344537815,0.015151515151515152,0.9613603654339529,1e-20,1e-20,1e-20,1e-20,0.03333333333333333,1e-20,1e-20,1e-20,0.07352941176470588,0.3333333333333333,0.058823529411764705,0.08333333333333333,0.9618592351505288,0.008403361344537815,0.015151515151515152,0.9613603654339529,0.02857142857142857,0.744270205066345,0.125,0.5,0.03333333333333333,1.0,0.009433962264150943,0.004329004329004329
Vehicle_10,8389637,1054,0.10498687664041995,1e-20,0.07692307692307693,1e-20,0.9618592351505288,0.16666666666666666,0.22727272727272727,0.9613603654339529,1e-20,1e-20,1e-20,1e-20,0.02631578947368421,1e-20,1e-20,1e-20,0.10498687664041995,0.07142857142857142,0.07692307692307693,0.25,0.9618592351505288,0.16666666666666666,0.22727272727272727,0.9613603654339529,0.18181818181818182,0.744270205066345,0.2,0.3333333333333333,0.02631578947368421,1.0,0.08333333333333333,0.0625
Vehicle_10,8389637,1055,0.030534351145038167,1e-20,1e-20,1e-20,0.9618592351505288,0.136986301369863,0.05263157894736842,0.9613603654339529,1e-20,1e-20,1e-20,1e-20,1e-20,0.0010777327323546447,0.0425531914893617,0.02040816326530612,0.030534351145038167,0.16666666666666666,0.038461538461538464,0.07142857142857142,0.9618592351505288,0.136986301369863,0.05263157894736842,0.9613603654339529,0.041666666666666664,0.744270205066345,0.07692307692307693,0.3333333333333333,0.08333333333333333,0.5,0.0425531914893617,0.02040816326530612
Vehicle_10,8389637,1056,0.07801418439716312,0.04838709677419355,0.2,1.0,0.9618592351505288,0.13157894736842105,0.12727272727272726,0.9613603654339529,1e-20,1e-20,1e-20,1e-20,1e-20,1e-20,0.08108108108108109,0.0898876404494382,0.07801418439716312,0.04838709677419355,0.2,1.0,0.9618592351505288,0.13157894736842105,0.12727272727272726,0.9613603654339529,0.16666666666666666,0.744270205066345,0.09090909090909091,0.16666666666666666,0.15384615384615385,0.3333333333333333,0.08108108108108109,0.0898876404494382
Vehicle_10,8389637,1057,0.13725490196078433,0.25,1e-20,1e-20,0.9618592351505288,0.018691588785046728,0.01818181818181818,0.9613603654339529,1e-20,1e-20,1e-20,1e-20,1e-20,0.0010777327323546447,0.17073170731707318,0.07272727272727272,0.13725490196078433,0.25,0.2,0.3333333333333333,0.9618592351505288,0.018691588785046728,0.01818181818181818,0.9613603654339529,0.07142857142857142,0.744270205066345,0.5,1.0,0.1111111111111111,1.0,0.17073170731707318,0.07272727272727272
Vehicle_10,8389637,1058,0.007142857142857143,1e-20,0.1111111111111111,0.25,0.9618592351505288,0.125,0.2,0.9613603654339529,1e-20,1e-20,1e-20,1e-20,0.08333333333333333,0.00102737138972125,0.16037735849056603,0.15354330708661418,0.007142857142857143,0.05555555555555555,0.1111111111111111,0.25,0.9618592351505288,0.125,0.2,0.9613603654339529,0.09090909090909091,0.744270205066345,0.16666666666666666,0.3333333333333333,0.08333333333333333,1.0,0.16037735849056603,0.15354330708661418
Vehicle_10,8389637,1059,0.1111111111111111,0.034482758620689655,1e-20,1e-20,0.9618592351505288,0.09523809523809523,0.14285714285714285,0.9613603654339529,1e-20,1e-20,1e-20,1e-20,0.05555555555555555,1e-20,0.1271186440677966,0.14285714285714285,0.1111111111111111,0.034482758620689655,0.3333333333333333,0.3333333333333333,0.9618592351505288,0.09523809523809523,0.14285714285714285,0.9613603654339529,0.125,0.744270205066345,0.1111111111111111,0.3333333333333333,0.05555555555555555,0.5,0.1271186440677966,0.14285714285714285
Vehicle_10,8389637,1060,0.13333333333333333,0.15151515151515152,1e-20,1e-20,0.9618592351505288,0.21428571428571427,0.2222222222222222,0.9613603654339529,0.08333333333333333,1e-20,1e-20,1e-20,1e-20,1e-20,0.10091743119266056,0.10196078431372549,0.13333333333333333,0.15151515151515152,0.1,0.25,0.9618592351505288,0.21428571428571427,0.2222222222222222,0.9613603654339529,0.08333333333333333,0.744270205066345,0.3333333333333333,0.5,0.027777777777777776,0.5,0.10091743119266056,0.10196078431372549
Vehicle_10,8389637,1061,0.13861386138613863,0.0784313725490196,0.13043478260869565,0.07692307692307693,0.9618592351505288,0.15789473684210525,0.13636363636363635,0.9613603654339529,0.0625,1e-20,1e-20,1e-20,1e-20,0.0058570241482637925,0.06944444444444445,0.0546448087431694,0.13861386138613863,0.0784313725490196,0.13043478260869565,0.07692307692307693,0.9618592351505288,0.15789473684210525,0.13636363636363635,0.9613603654339529,0.0625,0.744270205066345,0.3333333333333333,1.0,0.2,0.3333333333333333,0.06944444444444445,0.0546448087431694
Vehicle_10,8389637,1062,0.11578947368421053,0.05555555555555555,0.08333333333333333,1e-20,0.9618592351505288,0.10714285714285714,0.11538461538461539,0.9613603654339529,0.09090909090909091,1e-20,0.00980031727645859,0.004597990582428928,1e-20,0.0039181124568781,0.020833333333333332,0.019801980198019802,0.11578947368421053,0.05555555555555555,0.08333333333333333,0.25,0.9618592351505288,0.10714285714285714,0.11538461538461539,0.9613603654339529,0.09090909090909091,0.744270205066345,1.0,1.0,0.5,1.0,0.020833333333333332,0.019801980198019802
Vehicle_10,8389637,1063,0.08227848101265822,0.16666666666666666,1e-20,1e-20,0.9618592351505288,0.043010752688172046,0.0425531914893617,0.9613603654339529,1e-20,1e-20,0.03333333333333333,1e-20,0.041666666666666664,1e-20,0.03225806451612903,0.11688311688311688,0.08227848101265822,0.16666666666666666,0.15,0.09090909090909091,0.9618592351505288,0.043010752688172046,0.0425531914893617,0.9613603654339529,0.045454545454545456,0.744270205066345,0.03333333333333333,0.3333333333333333,0.041666666666666664,0.1,0.03225806451612903,0.11688311688311688
Vehicle_10,8389637,1064,0.21875,0.2,1e-20,1e-20,0.9618592351505288,0.13114754098360656,0.07407407407407407,0.9613603654339529,0.10526315789473684,1e-20,1e-20,1e-20,0.05,1e-20,0.1724137931034483,0.1893491124260355,0.21875,0.2,0.125,0.25,0.9618592351505288,0.13114754098360656,0.07407407407407407,0.9613603654339529,0.10526315789473684,0.744270205066345,0.038461538461538464,0.16666666666666666,0.05,0.16666666666666666,0.1724137931034483,0.1893491124260355
Vehicle_10,8389637,1065,0.24848484848484848,0.1111111111111111,0.09956709956709957,0.12234042553191489,0.9618592351505288,0.33704572098475966,0.3347826086956522,0.9613603654339529,0.07587548638132295,1e-20,0.1,1e-20,1e-20,1e-20,0.06329113924050633,0.04643962848297214,0.24848484848484848,0.1111111111111111,0.09956709956709957,0.12234042553191489,0.9618592351505288,0.33704572098475966,0.3347826086956522,0.9613603654339529,0.07587548638132295,0.744270205066345,0.1,0.25,0.1111111111111111,0.5,0.06329113924050633,0.04643962848297214
Vehicle_10,8389637,1066,0.05689424364123159,0.07462686567164178,0.10174418604651163,0.0949367088607595,0.9618592351505288,0.019343493552168817,0.015217391304347827,0.9613603654339529,0.06593406593406594,1e-20,0.031914893617021274,0.07272727272727272,0.058823529411764705,0.1111111111111111,0.06976744186046512,0.08333333333333333,0.05689424364123159,0.07462686567164178,0.10174418604651163,0.0949367088607595,0.9618592351505288,0.019343493552168817,0.015217391304347827,0.9613603654339529,0.06593406593406594,0.744270205066345,0.031914893617021274,0.07272727272727272,0.058823529411764705,0.1111111111111111,0.06976744186046512,0.08333333333333333
Vehicle_10,8389637,1067,0.2754491017964072,0.14285714285714285,0.15974842767295597,0.1619047619047619,0.9618592351505288,0.2546583850931677,0.24175824175824176,0.9613603654339529,0.1511627906976744,1e-20,0.04285714285714286,0.10256410256410256,0.125,0.13333333333333333,0.15,0.14173228346456693,0.2754491017964072,0.14285714285714285,0.15974842767295597,0.1619047619047619,0.9618592351505288,0.2546583850931677,0.24175824175824176,0.9613603654339529,0.1511627906976744,0.744270205066345,0.04285714285714286,0.10256410256410256,0.125,0.13333333333333333,0.15,0.14173228346456693
Vehicle_10,8389637,1068,0.20084865629420084,0.14285714285714285,0.18884892086330934,0.19306930693069307,0.9618592351505288,0.35403726708074534,0.3840304182509506,0.9613603654339529,0.18052738336713997,1e-20,0.09090909090909091,0.0989010989010989,0.05517241379310345,0.10909090909090909,0.13286713286713286,0.12307692307692308,0.20084865629420084,0.14285714285714285,0.18884892086330934,0.19306930693069307,0.9618592351505288,0.35403726708074534,0.3840304182509506,0.9613603654339529,0.18052738336713997,0.744270205066345,0.09090909090909091,0.0989010989010989,0.05517241379310345,0.10909090909090909,0.13286713286713286,0.12307692307692308
Vehicle_10,8389637,1069,0.46177847113884557,0.14583333333333334,0.164804469273743,0.18120805369127516,0.9618592351505288,0.3915929203539823,0.37398373983739835,0.9613603654339529,0.13616071428571427,1e-20,0.07865168539325842,0.10256410256410256,0.0502283105022831,0.13333333333333333,0.10344827586206896,0.1242603550295858,0.46177847113884557,0.14583333333333334,0.164804469273743,0.18120805369127516,0.9618592351505288,0.3915929203539823,0.37398373983739835,0.9613603654339529,0.13616071428571427,0.744270205066345,0.07865168539325842,0.10256410256410256,0.0502283105022831,0.13333333333333333,0.10344827586206896,0.1242603550295858
Vehicle_10,8389637,1070,0.6160929620697215,0.12244897959183673,0.2782608695652174,0.23404255319148937,0.9618592351505288,0.38016528925619836,0.36964980544747084,0.9613603654339529,0.17026378896882494,1e-20,0.08173076923076923,0.03296703296703297,0.09302325581395349,0.07272727272727272,0.29245283018867924,0.23735408560311283,0.6160929620697215,0.12244897959183673,0.2782608695652174,0.23404255319148937,0.9618592351505288,0.38016528925619836,0.36964980544747084,0.9613603654339529,0.17026378896882494,0.744270205066345,0.08173076923076923,0.03296703296703297,0.09302325581395349,0.07272727272727272,0.29245283018867924,0.23735408560311283
Vehicle_10,8389637,1071,0.6160929620697215,0.1568627450980392,0.2165991902834008,0.2608695652173913,0.9618592351505288,0.35403726708074534,0.3840304182509506,0.9613603654339529,0.13728813559322034,1e-20,0.07048458149779736,0.013333333333333334,0.1013215859030837,1e-20,0.06651884700665188,0.07829181494661921,0.6160929620697215,0.1568627450980392,0.2165991902834008,0.2608695652173913,0.9618592351505288,0.35403726708074534,0.3840304182509506,0.9613603654339529,0.13728813559322034,0.744270205066345,0.07048458149779736,0.013333333333333334,0.1013215859030837,0.03773584905660377,0.06651884700665188,0.07829181494661921
Vehicle_10,8389637,1072,0.6160929620697215,0.15384615384615385,0.10344827586206896,0.10231023102310231,0.9618592351505288,0.3915929203539823,0.37398373983739835,0.9613603654339529,0.15521628498727735,1e-20,0.017241379310344827,1e-20,0.00851063829787234,1e-20,0.06779661016949153,0.06719367588932806,0.6160929620697215,0.15384615384615385,0.10344827586206896,0.10231023102310231,0.9618592351505288,0.3915929203539823,0.37398373983739835,0.9613603654339529,0.15521628498727735,0.744270205066345,0.017241379310344827,0.0136986301369863,0.00851063829787234,0.02127659574468085,0.06779661016949153,0.06719367588932806
Vehicle_10,8389637,1073,0.6160929620697215,0.12962962962962962,0.14049586776859505,0.14689265536723164,0.9618592351505288,0.19421487603305784,0.20622568093385213,0.9613603654339529,0.11040339702760085,1e-20,0.06060606060606061,0.09090909090909091,0.13953488372093023,1e-20,0.25,0.18681318681318682,0.6160929620697215,0.12962962962962962,0.14049586776859505,0.14689265536723164,0.9618592351505288,0.19421487603305784,0.20622568093385213,0.9613603654339529,0.11040339702760085,0.744270205066345,0.06060606060606061,0.09090909090909091,0.13953488372093023,0.2,0.25,0.18681318681318682
Vehicle_10,8389637,1074,0.6160929620697215,0.19444444444444445,0.22626262626262628,0.21468926553672316,0.9618592351505288,0.28792569659442724,0.3023255813953488,0.9613603654339529,0.10755813953488372,1e-20,0.01020408163265306,0.09090909090909091,0.019230769230769232,0.25,0.25217391304347825,0.23696682464454977,0.6160929620697215,0.19444444444444445,0.22626262626262628,0.21468926553672316,0.9618592351505288,0.28792569659442724,0.3023255813953488,0.9613603654339529,0.10755813953488372,0.744270205066345,0.01020408163265306,0.09090909090909091,0.019230769230769232,0.25,0.25217391304347825,0.23696682464454977
Vehicle_10,8389637,1075,0.6160929620697215,0.06896551724137931,0.22905027932960895,0.2357142857142857,0.9618592351505288,0.30666666666666664,0.32211538461538464,0.9613603654339529,0.24848484848484848,1e-20,0.12062256809338522,0.10606060606060606,0.08292682926829269,0.10526315789473684,0.06208425720620843,0.05931198102016608,0.6160929620697215,0.06896551724137931,0.22905027932960895,0.2357142857142857,0.9618592351505288,0.30666666666666664,0.32211538461538464,0.9613603654339529,0.24848484848484848,0.744270205066345,0.12062256809338522,0.10606060606060606,0.08292682926829269,0.10526315789473684,0.06208425720620843,0.05931198102016608
Vehicle_10,8389637,1076,0.6160929620697215,0.13953488372093023,0.07163323782234957,0.05806451612903226,0.9618592351505288,0.35403726708074534,0.3840304182509506,0.9613603654339529,0.04897314375987362,1e-20,0.05673758865248227,0.06666666666666667,0.1552511415525114,0.10344827586206896,0.017241379310344827,0.013888888888888888,0.6160929620697215,0.13953488372093023,0.07163323782234957,0.05806451612903226,0.9618592351505288,0.35403726708074534,0.3840304182509506,0.9613603654339529,0.04897314375987362,0.744270205066345,0.05673758865248227,0.06666666666666667,0.1552511415525114,0.10344827586206896,0.017241379310344827,0.013888888888888888
Vehicle_10,8389637,1077,0.6160929620697215,0.10256410256410256,0.1893491124260355,0.23809523809523808,0.9618592351505288,0.3915929203539823,0.37398373983739835,0.9613603654339529,0.15046296296296297,1e-20,0.09905660377358491,0.1038961038961039,0.11594202898550725,0.08163265306122448,0.14285714285714285,0.05263157894736842,0.6160929620697215,0.10256410256410256,0.1893491124260355,0.23809523809523808,0.9618592351505288,0.3915929203539823,0.37398373983739835,0.9613603654339529,0.15046296296296297,0.744270205066345,0.09905660377358491,0.1038961038961039,0.11594202898550725,0.08163265306122448,0.14285714285714285,0.05263157894736842
Vehicle_10,8389637,1078,0.6160929620697215,0.2,0.19298245614035087,0.16666666666666666,0.9618592351505288,0.19421487603305784,0.20622568093385213,0.9613603654339529,0.23542116630669546,1e-20,0.03345724907063197,0.02631578947368421,0.09795918367346938,0.06451612903225806,0.038461538461538464,0.05714285714285714,0.6160929620697215,0.2,0.19298245614035087,0.16666666666666666,0.9618592351505288,0.19421487603305784,0.20622568093385213,0.9613603654339529,0.23542116630669546,0.744270205066345,0.03345724907063197,0.02631578947368421,0.09795918367346938,0.06451612903225806,0.038461538461538464,0.05714285714285714
Vehicle_10,8389637,1079,0.19206314404735803,0.01694915254237288,0.22598870056497175,0.25316455696202533,0.9618592351505288,0.28792569659442724,0.3023255813953488,0.9613603654339529,0.2776998597475456,1e-20,0.04032258064516129,0.08064516129032258,0.0975609756097561,0.08888888888888889,0.09433962264150944,0.06666666666666667,0.19206314404735803,0.01694915254237288,0.22598870056497175,0.25316455696202533,0.9618592351505288,0.28792569659442724,0.3023255813953488,0.9613603654339529,0.2776998597475456,0.744270205066345,0.04032258064516129,0.08064516129032258,0.0975609756097561,0.08888888888888889,0.09433962264150944,0.06666666666666667
Vehicle_10,8389637,1080,0.5866076369673492,0.05,0.2756598240469208,0.2867132867132867,0.9618592351505288,0.25066666666666665,0.25961538461538464,0.9613603654339529,0.1150070126227209,1e-20,0.06896551724137931,0.023809523809523808,0.09655172413793103,0.04,0.07692307692307693,0.11650485436893204,0.5866076369673492,0.05,0.2756598240469208,0.2867132867132867,0.9618592351505288,0.25066666666666665,0.25961538461538464,0.9613603654339529,0.1150070126227209,0.744270205066345,0.06896551724137931,0.023809523809523808,0.09655172413793103,0.04,0.07692307692307693,0.11650485436893204
Vehicle_10,8389637,1081,0.7014019951469399,1e-20,0.17132075471698113,0.163575042158516,0.9618592351505288,0.30959752321981426,0.31976744186046513,0.9613603654339529,0.1598984771573604,1e-20,0.02040816326530612,0.0547945205479452,0.07926829268292683,0.0851063829787234,0.19047619047619047,0.16666666666666666,0.7014019951469399,0.125,0.17132075471698113,0.163575042158516,0.9618592351505288,0.30959752321981426,0.31976744186046513,0.9613603654339529,0.1598984771573604,0.744270205066345,0.02040816326530612,0.0547945205479452,0.07926829268292683,0.0851063829787234,0.19047619047619047,0.16666666666666666
Vehicle_10,8389637,1082,0.7014019951469399,1e-20,0.24151967435549526,0.22006472491909385,0.9618592351505288,0.3405940594059406,0.3127413127413127,0.9613603654339529,0.15853658536585366,1e-20,0.08284023668639054,0.058823529411764705,0.146875,0.10714285714285714,0.12173913043478261,0.10900473933649289,0.7014019951469399,0.04,0.24151967435549526,0.22006472491909385,0.9618592351505288,0.3405940594059406,0.3127413127413127,0.9613603654339529,0.15853658536585366,0.744270205066345,0.08284023668639054,0.058823529411764705,0.146875,0.10714285714285714,0.12173913043478261,0.10900473933649289
Vehicle_10,8389637,1083,0.7014019951469399,1e-20,0.12689655172413794,0.07094594594594594,0.9618592351505288,0.21428571428571427,0.21839080459770116,0.9613603654339529,0.14213197969543148,1e-20,0.10689655172413794,0.08421052631578947,0.16120906801007556,0.04081632653061224,0.12605042016806722,0.13,0.7014019951469399,0.16666666666666666,0.12689655172413794,0.07094594594594594,0.9618592351505288,0.21428571428571427,0.21839080459770116,0.9613603654339529,0.14213197969543148,0.744270205066345,0.10689655172413794,0.08421052631578947,0.16120906801007556,0.04081632653061224,0.12605042016806722,0.13
Vehicle_10,8389637,1084,0.14491776759234296,0.05,0.24151967435549526,0.22006472491909385,0.9618592351505288,0.1282798833819242,0.11174785100286533,0.9613603654339529,0.18681318681318682,1e-20,0.05343511450381679,0.06976744186046512,0.022670025188916875,0.023809523809523808,0.01834862385321101,0.022935779816513763,0.14491776759234296,0.05,0.24151967435549526,0.22006472491909385,0.9618592351505288,0.1282798833819242,0.11174785100286533,0.9613603654339529,0.18681318681318682,0.744270205066345,0.05343511450381679,0.06976744186046512,0.022670025188916875,0.023809523809523808,0.01834862385321101,0.022935779816513763
Vehicle_10,8389637,1085,0.4921711899791232,0.13333333333333333,0.12275862068965518,0.125,0.9618592351505288,0.09274873524451939,0.09929078014184398,0.9613603654339529,0.162016201620162,1e-20,0.016042780748663103,0.010752688172043012,0.02608695652173913,0.05660377358490566,0.10526315789473684,0.10526315789473684,0.4921711899791232,0.13333333333333333,0.12275862068965518,0.125,0.9618592351505288,0.09274873524451939,0.09929078014184398,0.9613603654339529,0.162016201620162,0.744270205066345,0.016042780748663103,0.010752688172043012,0.02608695652173913,0.05660377358490566,0.10526315789473684,0.10526315789473684
Vehicle_10,8389637,1086,0.19206314404735803,1e-20,0.22598870056497175,0.25316455696202533,0.9618592351505288,0.15298507462686567,0.14383561643835616,0.9613603654339529,0.036337209302325583,1e-20,1e-20,1e-20,0.021739130434782608,1e-20,0.1111111111111111,0.14634146341463414,0.19206314404735803,0.05,0.22598870056497175,0.25316455696202533,0.9618592351505288,0.15298507462686567,0.14383561643835616,0.9613603654339529,0.036337209302325583,0.744270205066345,0.00909090909090909,0.02127659574468085,0.021739130434782608,0.015151515151515152,0.1111111111111111,0.14634146341463414
Vehicle_10,8389637,1087,0.5866076369673492,0.08333333333333333,0.1906158357771261,0.16083916083916083,0.9618592351505288,0.07224334600760456,0.07857142857142857,0.9613603654339529,0.05263157894736842,1e-20,1e-20,1e-20,1e-20,0.0058721325510538115,0.06208425720620843,0.04744958481613286,0.5866076369673492,0.08333333333333333,0.1906158357771261,0.16083916083916083,0.9618592351505288,0.07224334600760456,0.07857142857142857,0.9613603654339529,0.05263157894736842,0.744270205066345,0.2,0.5,0.2,0.3333333333333333,0.06208425720620843,0.04744958481613286
Vehicle_10,8389637,1088,0.14491776759234296,0.17857142857142858,0.1451831750339213,0.14563106796116504,0.9618592351505288,0.18018018018018017,0.21348314606741572,0.9613603654339529,0.17272727272727273,1e-20,0.15384615384615385,1e-20,1e-20,0.008072923224133156,0.17647058823529413,0.185,0.14491776759234296,0.17857142857142858,0.1451831750339213,0.14563106796116504,0.9618592351505288,0.18018018018018017,0.21348314606741572,0.9613603654339529,0.17272727272727273,0.744270205066345,0.15384615384615385,0.5,0.14285714285714285,0.5,0.17647058823529413,0.185
Vehicle_10,8389637,1089,0.24739039665970772,0.19642857142857142,0.229957805907173,0.23076923076923078,0.9618592351505288,0.1561119293078056,0.17142857142857143,0.9613603654339529,0.27180232558139533,1e-20,0.0625,0.06382978723404255,0.05027932960893855,0.0967741935483871,0.10434782608695652,0.10426540284360189,0.24739039665970772,0.19642857142857142,0.229957805907173,0.23076923076923078,0.9618592351505288,0.1561119293078056,0.17142857142857143,0.9613603654339529,0.27180232558139533,0.744270205066345,0.0625,0.06382978723404255,0.05027932960893855,0.0967741935483871,0.10434782608695652,0.10426540284360189
Vehicle_10,8389637,1090,0.5866076369673492,0.16279069767441862,0.2005610098176718,0.18587360594795538,0.9618592351505288,0.33935018050541516,0.31543624161073824,0.9613603654339529,0.15689149560117302,1e-20,1e-20,1e-20,0.009009009009009009,1e-20,0.05084745762711865,0.05928853754940711,0.5866076369673492,0.16279069767441862,0.2005610098176718,0.18587360594795538,0.9618592351505288,0.33935018050541516,0.31543624161073824,0.9613603654339529,0.15689149560117302,0.744270205066345,0.005555555555555556,0.0273972602739726,0.009009009009009009,0.020833333333333332,0.05084745762711865,0.05928853754940711
Vehicle_10,8389637,1091,0.14491776759234296,0.05128205128205128,0.1685823754789272,0.16831683168316833,0.9618592351505288,0.2198019801980198,0.23552123552123552,0.9613603654339529,0.0832,1e-20,0.1875,1e-20,0.09090909090909091,1e-20,0.17857142857142858,0.16470588235294117,0.14491776759234296,0.05128205128205128,0.1685823754789272,0.16831683168316833,0.9618592351505288,0.2198019801980198,0.23552123552123552,0.9613603654339529,0.0832,0.744270205066345,0.1875,0.5,0.09090909090909091,0.14285714285714285,0.17857142857142858,0.16470588235294117
Vehicle_10,8389637,1092,0.4921711899791232,0.16666666666666666,0.15974842767295597,0.1619047619047619,0.9618592351505288,0.17201166180758018,0.2034383954154728,0.9613603654339529,0.09235668789808917,1e-20,0.02702702702702703,1e-20,0.014925373134328358,1e-20,0.22377622377622378,0.21923076923076923,0.4921711899791232,0.16666666666666666,0.15974842767295597,0.1619047619047619,0.9618592351505288,0.17201166180758018,0.2034383954154728,0.9613603654339529,0.09235668789808917,0.744270205066345,0.02702702702702703,0.08333333333333333,0.014925373134328358,0.09090909090909091,0.22377622377622378,0.21923076923076923
Vehicle_10,8389637,1093,0.13966235474676605,0.14285714285714285,0.3579136690647482,0.3465346534653465,0.9618592351505288,0.19421487603305784,0.20622568093385213,0.9613603654339529,0.13818181818181818,1e-20,0.017391304347826087,0.019230769230769232,0.10185185185185185,0.03225806451612903,0.07692307692307693,0.1076923076923077,0.13966235474676605,0.14285714285714285,0.3579136690647482,0.3465346534653465,0.9618592351505288,0.19421487603305784,0.20622568093385213,0.9613603654339529,0.13818181818181818,0.744270205066345,0.017391304347826087,0.019230769230769232,0.10185185185185185,0.03225806451612903,0.07692307692307693,0.1076923076923077
Vehicle_10,8389637,1094,0.4794908062234795,0.09523809523809523,0.0692167577413479,0.06349206349206349,0.9618592351505288,0.28792569659442724,0.3023255813953488,0.9613603654339529,0.12719298245614036,1e-20,0.07857142857142857,0.021739130434782608,0.11724137931034483,0.030303030303030304,1e-20,0.006944444444444444,0.4794908062234795,0.09523809523809523,0.0692167577413479,0.06349206349206349,0.9618592351505288,0.28792569659442724,0.3023255813953488,0.9613603654339529,0.12719298245614036,0.744270205066345,0.07857142857142857,0.021739130434782608,0.11724137931034483,0.030303030303030304,0.04411764705882353,0.006944444444444444
Vehicle_10,8389637,1095,0.14392175128085702,0.14285714285714285,0.2007042253521127,0.1885245901639344,0.9618592351505288,0.30666666666666664,0.32211538461538464,0.9613603654339529,0.22062350119904076,1e-20,0.02586206896551724,0.02857142857142857,0.09655172413793103,1e-20,0.08108108108108109,0.07462686567164178,0.14392175128085702,0.14285714285714285,0.2007042253521127,0.1885245901639344,0.9618592351505288,0.30666666666666664,0.32211538461538464,0.9613603654339529,0.22062350119904076,0.744270205066345,0.02586206896551724,0.02857142857142857,0.09655172413793103,0.037037037037037035,0.08108108108108109,0.07462686567164178
Vehicle_10,8389637,1096,0.46177847113884557,0.0784313725490196,0.2848020434227331,0.23432343234323433,0.9618592351505288,0.20496894409937888,0.1482889733840304,0.9613603654339529,0.14249363867684478,1e-20,1e-20,1e-20,0.006097560975609756,1e-20,0.17796610169491525,0.19367588932806323,0.46177847113884557,0.0784313725490196,0.2848020434227331,0.23432343234323433,0.9618592351505288,0.20496894409937888,0.1482889733840304,0.9613603654339529,0.14249363867684478,0.744270205066345,0.0070921985815602835,0.012195121951219513,0.006097560975609756,0.02631578947368421,0.17796610169491525,0.19367588932806323
Vehicle_10,8389637,1097,0.6160929620697215,0.136986301369863,0.06253908692933083,0.07717569786535304,0.9618592351505288,0.12141652613827993,0.1099290780141844,0.9613603654339529,0.08447488584474885,1e-20,0.15,0.25,0.18181818181818182,1e-20,0.11320754716981132,0.11673151750972763,0.6160929620697215,0.136986301369863,0.06253908692933083,0.07717569786535304,0.9618592351505288,0.12141652613827993,0.1099290780141844,0.9613603654339529,0.08447488584474885,0.744270205066345,0.15,0.25,0.18181818181818182,0.2,0.11320754716981132,0.11673151750972763
Vehicle_10,8389637,1098,0.6160929620697215,0.15384615384615385,0.11019283746556474,0.11299435028248588,0.9618592351505288,0.15047619047619049,0.14814814814814814,0.9613603654339529,0.0782608695652174,1e-20,0.04838709677419355,0.08333333333333333,0.2077922077922078,0.18181818181818182,0.03361344537815126,0.03,0.6160929620697215,0.15384615384615385,0.11019283746556474,0.11299435028248588,0.9618592351505288,0.15047619047619049,0.14814814814814814,0.9613603654339529,0.0782608695652174,0.744270205066345,0.04838709677419355,0.08333333333333333,0.2077922077922078,0.18181818181818182,0.03361344537815126,0.03
Vehicle_10,8389637,1099,0.19206314404735803,0.05555555555555555,0.09011627906976744,0.0847457627118644,0.9618592351505288,0.19421487603305784,0.20622568093385213,0.9613603654339529,0.05787037037037037,1e-20,0.041666666666666664,0.0660377358490566,0.0547945205479452,0.03278688524590164,0.030303030303030304,0.03225806451612903,0.19206314404735803,0.05555555555555555,0.09011627906976744,0.0847457627118644,0.9618592351505288,0.19421487603305784,0.20622568093385213,0.9613603654339529,0.05787037037037037,0.744270205066345,0.041666666666666664,0.0660377358490566,0.0547945205479452,0.03278688524590164,0.030303030303030304,0.03225806451612903
Vehicle_10,8389637,1100,0.5866076369673492,1e-20,0.009615384615384616,0.00980392156862745,0.9618592351505288,0.17337461300309598,0.1686046511627907,0.9613603654339529,0.04905660377358491,1e-20,0.04790419161676647,0.02666666666666667,0.027932960893854747,0.1,1e-20,1e-20,0.5866076369673492,0.0625,0.009615384615384616,0.00980392156862745,0.9618592351505288,0.17337461300309598,0.1686046511627907,0.9613603654339529,0.04905660377358491,0.744270205066345,0.04790419161676647,0.02666666666666667,0.027932960893854747,0.1,0.021739130434782608,0.011235955056179775
Vehicle_10,8389637,1101,0.7014019951469399,1e-20,0.04,0.1,0.9618592351505288,0.13164556962025317,0.12962962962962962,0.9613603654339529,0.045454545454545456,1e-20,0.010869565217391304,1e-20,0.014084507042253521,1e-20,1e-20,1e-20,0.7014019951469399,0.034482758620689655,0.04,0.1,0.9618592351505288,0.13164556962025317,0.12962962962962962,0.9613603654339529,0.045454545454545456,0.744270205066345,0.010869565217391304,0.006944444444444444,0.014084507042253521,0.008,0.16666666666666666,0.1
Vehicle_10,8389637,1102,0.7014019951469399,1e-20,0.26947637292464877,0.23376623376623376,0.9618592351505288,0.3096446700507614,0.3047619047619048,0.9613603654339529,0.2199074074074074,1e-20,1e-20,1e-20,0.024390243902439025,1e-20,0.09411764705882353,0.08333333333333333,0.7014019951469399,0.5,0.26947637292464877,0.23376623376623376,0.9618592351505288,0.3096446700507614,0.3047619047619048,0.9613603654339529,0.2199074074074074,0.744270205066345,0.17391304347826086,0.08333333333333333,0.024390243902439025,0.2,0.09411764705882353,0.08333333333333333
Vehicle_10,8389637,1103,0.7014019951469399,0.09090909090909091,0.2848020434227331,0.23432343234323433,0.9618592351505288,0.2945205479452055,0.26521739130434785,0.9613603654339529,0.18518518518518517,1e-20,0.06172839506172839,1e-20,0.00847457627118644,0.058823529411764705,0.09574468085106383,0.061224489795918366,0.7014019951469399,0.09090909090909091,0.2848020434227331,0.23432343234323433,0.9618592351505288,0.2945205479452055,0.26521739130434785,0.9613603654339529,0.18518518518518517,0.744270205066345,0.06172839506172839,0.06451612903225806,0.00847457627118644,0.058823529411764705,0.09574468085106383,0.061224489795918366
Vehicle_10,8389637,1104,0.7014019951469399,0.1320754716981132,0.0525328330206379,0.04433497536945813,0.9618592351505288,0.09101516919486581,0.08425720620842572,0.9613603654339529,0.005813953488372093,1e-20,0.041176470588235294,0.01639344262295082,0.02617801047120419,0.07142857142857142,0.12048192771084337,0.08235294117647059,0.7014019951469399,0.1320754716981132,0.0525328330206379,0.04433497536945813,0.9618592351505288,0.09101516919486581,0.08425720620842572,0.9613603654339529,0.005813953488372093,0.744270205066345,0.041176470588235294,0.01639344262295082,0.02617801047120419,0.07142857142857142,0.12048192771084337,0.08235294117647059
Vehicle_10,8389637,1105,0.14491776759234296,0.1276595744680851,0.1887905604719764,0.15217391304347827,0.9618592351505288,0.22551928783382788,0.22424242424242424,0.9613603654339529,0.03571428571428571,1e-20,0.09722222222222222,0.05,0.12121212121212122,0.09523809523809523,0.1038961038961039,0.10869565217391304,0.14491776759234296,0.1276595744680851,0.1887905604719764,0.15217391304347827,0.9618592351505288,0.22551928783382788,0.22424242424242424,0.9613603654339529,0.03571428571428571,0.744270205066345,0.09722222222222222,0.05,0.12121212121212122,0.09523809523809523,0.1038961038961039,0.10869565217391304
Vehicle_10,8389637,1106,0.4921711899791232,0.11864406779661017,0.016853932584269662,0.030303030303030304,0.9618592351505288,0.13814955640050697,0.12857142857142856,0.9613603654339529,0.02586206896551724,1e-20,0.04477611940298507,0.025,0.07926829268292683,0.10344827586206896,0.014084507042253521,0.010582010582010581,0.4921711899791232,0.11864406779661017,0.016853932584269662,0.030303030303030304,0.9618592351505288,0.13814955640050697,0.12857142857142856,0.9613603654339529,0.02586206896551724,0.744270205066345,0.04477611940298507,0.025,0.07926829268292683,0.10344827586206896,0.014084507042253521,0.010582010582010581
Vehicle_10,8389637,1107,0.19206314404735803,1e-20,0.13953488372093023,0.09523809523809523,0.9618592351505288,0.27710843373493976,0.2727272727272727,0.9613603654339529,0.11594202898550725,1e-20,0.031496062992125984,0.07142857142857142,0.121875,0.12,0.14285714285714285,0.11764705882352941,0.19206314404735803,0.022727272727272728,0.13953488372093023,0.09523809523809523,0.9618592351505288,0.27710843373493976,0.2727272727272727,0.9613603654339529,0.11594202898550725,0.744270205066345,0.031496062992125984,0.07142857142857142,0.121875,0.12,0.14285714285714285,0.11764705882352941
Vehicle_10,8389637,1108,0.5866076369673492,1e-20,0.22626262626262628,0.21468926553672316,0.9618592351505288,0.2198019801980198,0.23552123552123552,0.9613603654339529,0.05183585313174946,1e-20,0.08461538461538462,0.031007751937984496,0.046296296296296294,0.06741573033707865,0.30376940133037694,0.2763938315539739,0.5866076369673492,0.1111111111111111,0.22626262626262628,0.21468926553672316,0.9618592351505288,0.2198019801980198,0.23552123552123552,0.9613603654339529,0.05183585313174946,0.744270205066345,0.08461538461538462,0.031007751937984496,0.046296296296296294,0.06741573033707865,0.30376940133037694,0.2763938315539739
Vehicle_10,8389637,1109,0.14491776759234296,0.16666666666666666,0.08659217877094973,0.10714285714285714,0.9618592351505288,0.17201166180758018,0.2034383954154728,0.9613603654339529,0.02727272727272727,1e-20,0.0625,0.016129032258064516,0.037037037037037035,0.022222222222222223,0.03325942350332594,0.03558718861209965,0.14491776759234296,0.16666666666666666,0.08659217877094973,0.10714285714285714,0.9618592351505288,0.17201166180758018,0.2034383954154728,0.9613603654339529,0.02727272727272727,0.744270205066345,0.0625,0.016129032258064516,0.037037037037037035,0.022222222222222223,0.03325942350332594,0.03558718861209965
Vehicle_10,8389637,1110,0.4921711899791232,0.09259259259259259,0.17714285714285713,0.1643835616438356,0.9618592351505288,0.19421487603305784,0.20622568093385213,0.9613603654339529,0.11504424778761062,1e-20,0.11711711711711711,0.08333333333333333,0.0684931506849315,1e-20,0.15584415584415584,0.12949640287769784,0.4921711899791232,0.09259259259259259,0.17714285714285713,0.1643835616438356,0.9618592351505288,0.19421487603305784,0.20622568093385213,0.9613603654339529,0.11504424778761062,0.744270205066345,0.11711711711711711,0.08333333333333333,0.0684931506849315,0.05128205128205128,0.15584415584415584,0.12949640287769784
Vehicle_10,8389637,1111,0.6160929620697215,0.045454545454545456,0.2541899441340782,0.24161073825503357,0.9618592351505288,0.08359133126934984,0.06976744186046512,0.9613603654339529,0.19827586206896552,1e-20,0.10967741935483871,1e-20,0.05202312138728324,0.037037037037037035,0.027972027972027972,0.015384615384615385,0.6160929620697215,0.045454545454545456,0.2541899441340782,0.24161073825503357,0.9618592351505288,0.08359133126934984,0.06976744186046512,0.9613603654339529,0.19827586206896552,0.744270205066345,0.10967741935483871,0.05,0.05202312138728324,0.037037037037037035,0.027972027972027972,0.015384615384615385
Vehicle_10,8389637,1112,0.19206314404735803,0.14814814814814814,0.2691823899371069,0.2634920634920635,0.9618592351505288,0.21212121212121213,0.17073170731707318,0.9613603654339529,0.31437598736176936,1e-20,0.15300546448087432,0.061855670103092786,0.04291845493562232,0.1076923076923077,0.06666666666666667,0.05128205128205128,0.19206314404735803,0.14814814814814814,0.2691823899371069,0.2634920634920635,0.9618592351505288,0.21212121212121213,0.17073170731707318,0.9613603654339529,0.31437598736176936,0.744270205066345,0.15300546448087432,0.061855670103092786,0.04291845493562232,0.1076923076923077,0.06666666666666667,0.05128205128205128
Vehicle_10,8389637,1113,0.5866076369673492,0.14285714285714285,0.323037323037323,0.3238993710691824,0.9618592351505288,0.3242009132420091,0.33043478260869563,0.9613603654339529,0.28352835283528355,1e-20,0.14414414414414414,0.045454545454545456,0.15,0.05263157894736842,0.16363636363636364,0.1391304347826087,0.5866076369673492,0.14285714285714285,0.323037323037323,0.3238993710691824,0.9618592351505288,0.3242009132420091,0.33043478260869563,0.9613603654339529,0.28352835283528355,0.744270205066345,0.14414414414414414,0.045454545454545456,0.15,0.05263157894736842,0.16363636363636364,0.1391304347826087
Vehicle_10,8389637,1114,0.7014019951469399,0.030303030303030304,0.0025015634771732333,0.0016420361247947454,0.9618592351505288,0.04630715123094959,0.04456521739130435,0.9613603654339529,0.10531053105310531,1e-20,0.13333333333333333,1e-20,0.011811023622047244,0.02040816326530612,0.008620689655172414,0.003663003663003663,0.7014019951469399,0.030303030303030304,0.0025015634771732333,0.0016420361247947454,0.9618592351505288,0.04630715123094959,0.04456521739130435,0.9613603654339529,0.10531053105310531,0.744270205066345,0.13333333333333333,0.012987012987012988,0.011811023622047244,0.02040816326530612,0.008620689655172414,0.003663003663003663
Vehicle_10,8389637,1115,0.7014019951469399,1e-20,0.08139534883720931,0.1,0.9618592351505288,0.17417417417417416,0.14606741573033707,0.9613603654339529,0.1412037037037037,1e-20,0.004166666666666667,1e-20,0.09375,1e-20,1e-20,1e-20,0.7014019951469399,0.05555555555555555,0.08139534883720931,0.1,0.9618592351505288,0.17417417417417416,0.14606741573033707,0.9613603654339529,0.1412037037037037,0.744270205066345,0.004166666666666667,0.1111111111111111,0.09375,0.06666666666666667,0.25,0.14285714285714285
Vehicle_10,8389637,1116,0.7014019951469399,0.16666666666666666,0.11145510835913312,0.14285714285714285,0.9618592351505288,0.27318718381112983,0.28368794326241137,0.9613603654339529,0.2529182879377432,1e-20,1e-20,0.05263157894736842,1e-20,1e-20,1e-20,0.06060606060606061,0.7014019951469399,0.16666666666666666,0.11145510835913312,0.14285714285714285,0.9618592351505288,0.27318718381112983,0.28368794326241137,0.9613603654339529,0.2529182879377432,0.744270205066345,0.030303030303030304,0.05263157894736842,0.023809523809523808,0.07142857142857142,0.07142857142857142,0.06060606060606061
Vehicle_10,8389637,1117,0.7014019951469399,1e-20,0.10064935064935066,0.10067114093959731,0.9618592351505288,0.045081967213114756,0.04658901830282862,0.9613603654339529,0.13564668769716087,1e-20,0.07142857142857142,1e-20,1e-20,0.05263157894736842,0.037037037037037035,0.03278688524590164,0.7014019951469399,0.3333333333333333,0.10064935064935066,0.10067114093959731,0.9618592351505288,0.045081967213114756,0.04658901830282862,0.9613603654339529,0.13564668769716087,0.744270205066345,0.07142857142857142,0.1702127659574468,0.03773584905660377,0.05263157894736842,0.037037037037037035,0.03278688524590164
Vehicle_10,8389637,1118,0.7014019951469399,0.02702702702702703,0.17582417582417584,0.19767441860465115,0.9618592351505288,0.15298507462686567,0.14383561643835616,0.9613603654339529,0.2388663967611336,1e-20,0.10179640718562874,1e-20,0.047619047619047616,1e-20,0.09090909090909091,0.05263157894736842,0.7014019951469399,0.02702702702702703,0.17582417582417584,0.19767441860465115,0.9618592351505288,0.15298507462686567,0.14383561643835616,0.9613603654339529,0.2388663967611336,0.744270205066345,0.10179640718562874,0.16666666666666666,0.047619047619047616,0.125,0.09090909090909091,0.05263157894736842
Vehicle_10,8389637,1119,0.10056619034780265,0.3076923076923077,0.03691275167785235,0.018867924528301886,0.9618592351505288,0.320659062103929,0.3380952380952381,0.9613603654339529,0.0384,1e-20,0.07453416149068323,0.1728395061728395,0.14027149321266968,0.08450704225352113,0.2,0.16129032258064516,0.10056619034780265,0.3076923076923077,0.03691275167785235,0.018867924528301886,0.9618592351505288,0.320659062103929,0.3380952380952381,0.9613603654339529,0.0384,0.744270205066345,0.07453416149068323,0.1728395061728395,0.14027149321266968,0.08450704225352113,0.2,0.16129032258064516
Vehicle_10,8389637,1120,0.30254350736278446,1e-20,0.13513513513513514,0.13333333333333333,0.9618592351505288,0.015826494724501757,0.016304347826086956,0.9613603654339529,0.06086956521739131,1e-20,1e-20,0.06201550387596899,0.10471204188481675,0.0136986301369863,1e-20,1e-20,0.30254350736278446,0.07142857142857142,0.13513513513513514,0.13333333333333333,0.9618592351505288,0.015826494724501757,0.016304347826086956,0.9613603654339529,0.06086956521739131,0.744270205066345,0.021645021645021644,0.06201550387596899,0.10471204188481675,0.0136986301369863,0.1,0.04
Vehicle_10,8389637,1121,0.4996825396825397,1e-20,0.11320754716981132,0.11764705882352941,0.9618592351505288,0.2653061224489796,0.2857142857142857,0.9613603654339529,0.2756598240469208,1e-20,0.043478260869565216,1e-20,0.05572755417956656,1e-20,1e-20,1e-20,0.4996825396825397,0.2,0.11320754716981132,0.11764705882352941,0.9618592351505288,0.2653061224489796,0.2857142857142857,0.9613603654339529,0.2756598240469208,0.744270205066345,0.043478260869565216,0.06779661016949153,0.05572755417956656,0.038461538461538464,0.2857142857142857,0.11764705882352941
Vehicle_10,8389637,1122,0.7014019951469399,1e-20,0.3579136690647482,0.3465346534653465,0.9618592351505288,0.19006849315068494,0.20447284345047922,0.9613603654339529,0.28352835283528355,1e-20,1e-20,1e-20,1e-20,1e-20,0.03508771929824561,0.03768844221105527,0.7014019951469399,0.2,0.3579136690647482,0.3465346534653465,0.9618592351505288,0.19006849315068494,0.20447284345047922,0.9613603654339529,0.28352835283528355,0.744270205066345,0.006535947712418301,0.017241379310344827,0.006514657980456026,0.043478260869565216,0.03508771929824561,0.03768844221105527
Vehicle_10,8389637,1123,0.7014019951469399,0.05434782608695652,0.3570127504553734,0.30687830687830686,0.9618592351505288,0.16099476439790575,0.17675544794188863,0.9613603654339529,0.28352835283528355,1e-20,1e-20,0.007609598871905925,1e-20,1e-20,0.10909090909090909,0.11403508771929824,0.7014019951469399,0.05434782608695652,0.3570127504553734,0.30687830687830686,0.9618592351505288,0.16099476439790575,0.17675544794188863,0.9613603654339529,0.28352835283528355,0.744270205066345,0.5,0.25,0.125,1.0,0.10909090909090909,0.11403508771929824
Vehicle_10,8389637,1124,0.7014019951469399,1e-20,0.1917562724014337,0.16417910447761194,0.9618592351505288,0.21354166666666666,0.22318840579710145,0.9613603654339529,0.1494149414941494,1e-20,1e-20,1e-20,1e-20,0.005378591393246544,0.013071895424836602,0.005649717514124294,0.7014019951469399,0.05555555555555555,0.1917562724014337,0.16417910447761194,0.9618592351505288,0.21354166666666666,0.22318840579710145,0.9613603654339529,0.1494149414941494,0.744270205066345,0.5,0.5,0.041666666666666664,0.5,0.013071895424836602,0.005649717514124294
Vehicle_10,8389637,1125,0.7014019951469399,0.2857142857142857,0.14793741109530584,0.11851851851851852,0.9618592351505288,0.23333333333333334,0.26576576576576577,0.9613603654339529,0.1184,1e-20,0.043478260869565216,0.06756756756756757,0.12037037037037036,0.10344827586206896,0.045454545454545456,0.02702702702702703,0.7014019951469399,0.2857142857142857,0.14793741109530584,0.11851851851851852,0.9618592351505288,0.23333333333333334,0.26576576576576577,0.9613603654339529,0.1184,0.744270205066345,0.043478260869565216,0.06756756756756757,0.12037037037037036,0.10344827586206896,0.045454545454545456,0.02702702702702703
Vehicle_10,8389637,1126,0.7014019951469399,0.21818181818181817,0.31827956989247314,0.26618705035971224,0.9618592351505288,0.26520681265206814,0.2719298245614035,0.9613603654339529,0.21882951653944022,1e-20,0.0547945205479452,0.06666666666666667,0.1484375,0.09433962264150944,0.029411764705882353,0.07575757575757576,0.7014019951469399,0.21818181818181817,0.31827956989247314,0.26618705035971224,0.9618592351505288,0.26520681265206814,0.2719298245614035,0.9613603654339529,0.21882951653944022,0.744270205066345,0.0547945205479452,0.06666666666666667,0.1484375,0.09433962264150944,0.029411764705882353,0.07575757575757576
Vehicle_10,8389637,1127,0.7014019951469399,0.030303030303030304,0.19910514541387025,0.1506849315068493,0.9618592351505288,0.3153846153846154,0.3153153153153153,0.9613603654339529,0.1510791366906475,1e-20,0.06428571428571428,0.08620689655172414,0.1484375,0.12195121951219512,0.14102564102564102,0.1130952380952381,0.7014019951469399,0.030303030303030304,0.19910514541387025,0.1506849315068493,0.9618592351505288,0.3153846153846154,0.3153153153153153,0.9613603654339529,0.1510791366906475,0.744270205066345,0.06428571428571428,0.08620689655172414,0.1484375,0.12195121951219512,0.14102564102564102,0.1130952380952381
Vehicle_10,8389637,1128,0.14491776759234296,0.10526315789473684,0.28213166144200624,0.2079207920792079,0.9618592351505288,0.07191780821917808,0.06389776357827476,0.9613603654339529,0.09235668789808917,1e-20,0.0425531914893617,0.038461538461538464,0.01953125,0.03333333333333333,0.014814814814814815,0.01486988847583643,0.14491776759234296,0.10526315789473684,0.28213166144200624,0.2079207920792079,0.9618592351505288,0.07191780821917808,0.06389776357827476,0.9613603654339529,0.09235668789808917,0.744270205066345,0.0425531914893617,0.038461538461538464,0.01953125,0.03333333333333333,0.014814814814814815,0.01486988847583643
Vehicle_10,8389637,1129,0.4921711899791232,0.02564102564102564,0.3402835696413678,0.26373626373626374,0.9618592351505288,0.25227963525835867,0.24705882352941178,0.9613603654339529,0.19272727272727272,1e-20,0.053691275167785234,1e-20,0.064,0.06060606060606061,1e-20,0.025,0.4921711899791232,0.02564102564102564,0.3402835696413678,0.26373626373626374,0.9618592351505288,0.25227963525835867,0.24705882352941178,0.9613603654339529,0.19272727272727272,0.744270205066345,0.053691275167785234,0.043478260869565216,0.064,0.06060606060606061,0.13333333333333333,0.025
Vehicle_10,8389637,1130,0.6160929620697215,0.058823529411764705,0.1542952460383653,0.15384615384615385,0.9618592351505288,0.15635939323220538,0.13968957871396895,0.9613603654339529,0.1263537906137184,1e-20,0.0625,0.043478260869565216,0.10471204188481675,0.034482758620689655,0.15625,0.15833333333333333,0.6160929620697215,0.058823529411764705,0.1542952460383653,0.15384615384615385,0.9618592351505288,0.15635939323220538,0.13968957871396895,0.9613603654339529,0.1263537906137184,0.744270205066345,0.0625,0.043478260869565216,0.10471204188481675,0.034482758620689655,0.15625,0.15833333333333333
Vehicle_10,8389637,1131,0.19206314404735803,0.3181818181818182,0.19161676646706588,0.22897196261682243,0.9618592351505288,0.13856209150326798,0.12165450121654502,0.9613603654339529,0.18971061093247588,1e-20,0.029940119760479042,0.054945054945054944,0.07739938080495357,0.03636363636363636,0.125,0.13432835820895522,0.19206314404735803,0.3181818181818182,0.19161676646706588,0.22897196261682243,0.9618592351505288,0.13856209150326798,0.12165450121654502,0.9613603654339529,0.18971061093247588,0.744270205066345,0.029940119760479042,0.054945054945054944,0.07739938080495357,0.03636363636363636,0.125,0.13432835820895522
Vehicle_10,8389637,1132,0.5866076369673492,0.06896551724137931,0.09129213483146068,0.09090909090909091,0.9618592351505288,0.3451178451178451,0.34627831715210355,0.9613603654339529,0.06003159557661927,1e-20,0.05303030303030303,0.08196721311475409,0.1440329218106996,1e-20,0.034722222222222224,0.043076923076923075,0.5866076369673492,0.06896551724137931,0.09129213483146068,0.09090909090909091,0.9618592351505288,0.3451178451178451,0.34627831715210355,0.9613603654339529,0.06003159557661927,0.744270205066345,0.05303030303030303,0.08196721311475409,0.1440329218106996,0.07142857142857142,0.034722222222222224,0.043076923076923075
Vehicle_10,8389637,1133,0.7014019951469399,0.038461538461538464,0.045584045584045586,0.033783783783783786,0.9618592351505288,0.06688963210702341,0.0529595015576324,0.9613603654339529,0.01937984496124031,1e-20,0.056179775280898875,0.08695652173913043,0.09652509652509653,1e-20,1e-20,0.031055900621118012,0.7014019951469399,0.038461538461538464,0.045584045584045586,0.033783783783783786,0.9618592351505288,0.06688963210702341,0.0529595015576324,0.9613603654339529,0.01937984496124031,0.744270205066345,0.056179775280898875,0.08695652173913043,0.09652509652509653,0.06451612903225806,0.047619047619047616,0.031055900621118012
Vehicle_10,8389637,1134,0.10056619034780265,0.18181818181818182,0.17857142857142858,0.14516129032258066,0.9618592351505288,0.19662921348314608,0.20224719101123595,0.9613603654339529,0.1509433962264151,1e-20,0.03731343283582089,0.02127659574468085,0.07159904534606205,0.03125,0.06,0.09259259259259259,0.10056619034780265,0.18181818181818182,0.17857142857142858,0.14516129032258066,0.9618592351505288,0.19662921348314608,0.20224719101123595,0.9613603654339529,0.1509433962264151,0.744270205066345,0.03731343283582089,0.02127659574468085,0.07159904534606205,0.03125,0.06,0.09259259259259259
Vehicle_10,8389637,1135,0.30254350736278446,0.13559322033898305,0.16844919786096257,0.16923076923076924,0.9618592351505288,0.20278330019880716,0.18681318681318682,0.9613603654339529,0.054466230936819175,1e-20,0.08695652173913043,0.03225806451612903,0.05454545454545454,0.03773584905660377,0.13541666666666666,0.15217391304347827,0.30254350736278446,0.13559322033898305,0.16844919786096257,0.16923076923076924,0.9618592351505288,0.20278330019880716,0.18681318681318682,0.9613603654339529,0.054466230936819175,0.744270205066345,0.08695652173913043,0.03225806451612903,0.05454545454545454,0.03773584905660377,0.13541666666666666,0.15217391304347827
Vehicle_10,8389637,1136,0.15555555555555556,0.125,0.14733542319749215,0.16831683168316833,0.9618592351505288,0.3006535947712418,0.28063241106719367,0.9613603654339529,0.08139534883720931,1e-20,0.04964539007092199,0.07142857142857142,0.14392059553349876,0.03773584905660377,0.05102040816326531,0.06837606837606838,0.15555555555555556,0.125,0.14733542319749215,0.16831683168316833,0.9618592351505288,0.3006535947712418,0.28063241106719367,0.9613603654339529,0.08139534883720931,0.744270205066345,0.04964539007092199,0.07142857142857142,0.14392059553349876,0.03773584905660377,0.05102040816326531,0.06837606837606838
Vehicle_10,8389637,1137,0.4921711899791232,0.16326530612244897,0.14583333333333334,0.15384615384615385,0.9618592351505288,0.3732876712328767,0.38338658146964855,0.9613603654339529,0.11272727272727273,1e-20,0.08823529411764706,0.043478260869565216,0.103515625,0.030303030303030304,0.18867924528301888,0.20346320346320346,0.4921711899791232,0.16326530612244897,0.14583333333333334,0.15384615384615385,0.9618592351505288,0.3732876712328767,0.38338658146964855,0.9613603654339529,0.11272727272727273,0.744270205066345,0.08823529411764706,0.043478260869565216,0.103515625,0.030303030303030304,0.18867924528301888,0.20346320346320346
Vehicle_10,8389637,1138,0.6160929620697215,0.05084745762711865,0.023474178403755867,0.0410958904109589,0.9618592351505288,0.07744107744107744,0.08414239482200647,0.9613603654339529,0.004739336492890996,1e-20,0.0989010989010989,0.03508771929824561,0.1,0.10810810810810811,0.047619047619047616,0.04782608695652174,0.6160929620697215,0.05084745762711865,0.023474178403755867,0.0410958904109589,0.9618592351505288,0.07744107744107744,0.08414239482200647,0.9613603654339529,0.004739336492890996,0.744270205066345,0.0989010989010989,0.03508771929824561,0.1,0.10810810810810811,0.047619047619047616,0.04782608695652174
Vehicle_10,8389637,1139,0.013593510195132646,0.15625,0.12727272727272726,0.08,0.9618592351505288,0.19630484988452657,0.2094017094017094,0.9613603654339529,0.15789473684210525,1e-20,0.03015075376884422,0.03968253968253968,0.12690355329949238,0.08333333333333333,1e-20,0.011627906976744186,0.013593510195132646,0.15625,0.12727272727272726,0.08,0.9618592351505288,0.19630484988452657,0.2094017094017094,0.9613603654339529,0.15789473684210525,0.744270205066345,0.03015075376884422,0.03968253968253968,0.12690355329949238,0.08333333333333333,0.028985507246376812,0.011627906976744186
Vehicle_10,8389637,1140,0.33223684210526316,0.014285714285714285,0.20795107033639143,0.13815789473684212,0.9618592351505288,0.3161688980432544,0.30474452554744524,0.9613603654339529,0.1782178217821782,1e-20,0.03409090909090909,0.03333333333333333,0.17133956386292834,0.046511627906976744,0.05555555555555555,0.07058823529411765,0.33223684210526316,0.014285714285714285,0.20795107033639143,0.13815789473684212,0.9618592351505288,0.3161688980432544,0.30474452554744524,0.9613603654339529,0.1782178217821782,0.744270205066345,0.03409090909090909,0.03333333333333333,0.17133956386292834,0.046511627906976744,0.05555555555555555,0.07058823529411765
Vehicle_10,8389637,1141,0.20887728459530025,1e-20,0.027672955974842768,0.0380952380952381,0.9618592351505288,0.03903243540406817,0.03298774740810556,0.9613603654339529,0.014634146341463415,1e-20,0.041666666666666664,0.05405405405405406,0.043343653250773995,0.04,0.0962962962962963,0.07063197026022305,0.20887728459530025,0.21428571428571427,0.027672955974842768,0.0380952380952381,0.9618592351505288,0.03903243540406817,0.03298774740810556,0.9613603654339529,0.014634146341463415,0.744270205066345,0.041666666666666664,0.05405405405405406,0.043343653250773995,0.04,0.0962962962962963,0.07063197026022305
Vehicle_10,8389637,1142,0.06349206349206349,0.10344827586206896,0.1511627906976744,0.14285714285714285,0.9618592351505288,0.1130952380952381,0.12,0.9613603654339529,0.10204081632653061,1e-20,0.05555555555555555,1e-20,0.10050251256281408,1e-20,0.14049586776859505,0.15178571428571427,0.06349206349206349,0.10344827586206896,0.1511627906976744,0.14285714285714285,0.9618592351505288,0.1130952380952381,0.12,0.9613603654339529,0.10204081632653061,0.744270205066345,0.05555555555555555,0.0967741935483871,0.10050251256281408,0.045454545454545456,0.14049586776859505,0.15178571428571427
Vehicle_10,8389637,1143,0.13916500994035785,0.08888888888888889,0.03672316384180791,0.047619047619047616,0.9618592351505288,0.06076388888888889,0.057971014492753624,0.9613603654339529,0.01182033096926714,1e-20,0.04032258064516129,0.12903225806451613,0.0659025787965616,0.05714285714285714,0.12264150943396226,0.09268292682926829,0.13916500994035785,0.08888888888888889,0.03672316384180791,0.047619047619047616,0.9618592351505288,0.06076388888888889,0.057971014492753624,0.9613603654339529,0.01182033096926714,0.744270205066345,0.04032258064516129,0.12903225806451613,0.0659025787965616,0.05714285714285714,0.12264150943396226,0.09268292682926829
Vehicle_10,8389637,1144,0.19032761310452417,0.13793103448275862,0.18181818181818182,0.15789473684210525,0.9618592351505288,0.2073170731707317,0.20481927710843373,0.9613603654339529,0.0625,1e-20,0.012345679012345678,0.05,0.0594059405940594,0.03571428571428571,0.2074074074074074,0.20074349442379183,0.19032761310452417,0.13793103448275862,0.18181818181818182,0.15789473684210525,0.9618592351505288,0.2073170731707317,0.20481927710843373,0.9613603654339529,0.0625,0.744270205066345,0.012345679012345678,0.05,0.0594059405940594,0.03571428571428571,0.2074074074074074,0.20074349442379183
Vehicle_10,8389637,1145,0.11344770337576093,0.038461538461538464,0.0683453237410072,0.07425742574257425,0.9618592351505288,0.35568993952721273,0.36757775683317623,0.9613603654339529,0.04628330995792426,1e-20,1e-20,1e-20,0.014285714285714285,1e-20,0.03314917127071823,0.034912718204488775,0.11344770337576093,0.038461538461538464,0.0683453237410072,0.07425742574257425,0.9618592351505288,0.35568993952721273,0.36757775683317623,0.9613603654339529,0.04628330995792426,0.744270205066345,0.010416666666666666,0.017543859649122806,0.014285714285714285,0.018518518518518517,0.03314917127071823,0.034912718204488775
Vehicle_10,8389637,1146,0.30254350736278446,0.05263157894736842,0.1794871794871795,0.16071428571428573,0.9618592351505288,0.06816932380428807,0.07163053722902922,0.9613603654339529,0.12299465240641712,1e-20,1e-20,1e-20,0.13043478260869565,1e-20,0.03571428571428571,0.05,0.30254350736278446,0.05263157894736842,0.1794871794871795,0.16071428571428573,0.9618592351505288,0.06816932380428807,0.07163053722902922,0.9613603654339529,0.12299465240641712,0.744270205066345,0.16666666666666666,0.3333333333333333,0.13043478260869565,0.3333333333333333,0.03571428571428571,0.05
Vehicle_10,8389637,1147,0.15555555555555556,0.0136986301369863,0.07923269391159299,0.06043956043956044,0.9618592351505288,0.15468409586056645,0.16600790513833993,0.9613603654339529,0.24885844748858446,1e-20,1e-20,1e-20,0.06097560975609756,1e-20,0.05263157894736842,0.056338028169014086,0.15555555555555556,0.0136986301369863,0.07923269391159299,0.06043956043956044,0.9618592351505288,0.15468409586056645,0.16600790513833993,0.9613603654339529,0.24885844748858446,0.744270205066345,0.04,0.16666666666666666,0.06097560975609756,0.058823529411764705,0.05263157894736842,0.056338028169014086
Vehicle_10,8389637,1148,0.24739039665970772,0.07142857142857142,0.3119266055045872,0.2857142857142857,0.9618592351505288,0.26520681265206814,0.2719298245614035,0.9613603654339529,0.13616071428571427,1e-20,1e-20,1e-20,0.04844290657439446,0.08333333333333333,0.07692307692307693,0.039473684210526314,0.24739039665970772,0.07142857142857142,0.3119266055045872,0.2857142857142857,0.9618592351505288,0.26520681265206814,0.2719298245614035,0.9613603654339529,0.13616071428571427,0.744270205066345,0.0136986301369863,0.03571428571428571,0.04844290657439446,0.08333333333333333,0.07692307692307693,0.039473684210526314
Vehicle_10,8389637,1149,0.5866076369673492,0.045454545454545456,0.3237250554323725,0.2847682119205298,0.9618592351505288,0.14871794871794872,0.12162162162162163,0.9613603654339529,0.2038369304556355,1e-20,0.037383177570093455,1e-20,0.09405940594059406,0.034482758620689655,0.06666666666666667,0.07142857142857142,0.5866076369673492,0.045454545454545456,0.3237250554323725,0.2847682119205298,0.9618592351505288,0.14871794871794872,0.12162162162162163,0.9613603654339529,0.2038369304556355,0.744270205066345,0.037383177570093455,0.043478260869565216,0.09405940594059406,0.034482758620689655,0.06666666666666667,0.07142857142857142
Vehicle_10,8389637,1150,0.7014019951469399,0.047619047619047616,0.1935483870967742,0.1510791366906475,0.9618592351505288,0.19672131147540983,0.18487394957983194,0.9613603654339529,0.22432859399684044,1e-20,1e-20,1e-20,0.0711743772241993,1e-20,0.045454545454545456,0.07526881720430108,0.7014019951469399,0.047619047619047616,0.1935483870967742,0.1510791366906475,0.9618592351505288,0.19672131147540983,0.18487394957983194,0.9613603654339529,0.22432859399684044,0.744270205066345,0.005494505494505495,0.007751937984496124,0.0711743772241993,0.0136986301369863,0.045454545454545456,0.07526881720430108
Vehicle_10,8389637,1151,0.7014019951469399,1e-20,0.2713178294573643,0.21951219512195122,0.9618592351505288,0.17586912065439672,0.18840579710144928,0.9613603654339529,0.2288,1e-20,0.07692307692307693,1e-20,0.011695906432748537,1e-20,0.07317073170731707,0.10989010989010989,0.7014019951469399,0.1111111111111111,0.2713178294573643,0.21951219512195122,0.9618592351505288,0.17586912065439672,0.18840579710144928,0.9613603654339529,0.2288,0.744270205066345,0.07692307692307693,0.125,0.011695906432748537,0.16666666666666666,0.07317073170731707,0.10989010989010989
Vehicle_10,8389637,1152,0.7014019951469399,1e-20,0.3402835696413678,0.26373626373626374,0.9618592351505288,0.07216494845360824,0.07560137457044673,0.9613603654339529,0.13728813559322034,1e-20,1e-20,1e-20,0.014598540145985401,0.09090909090909091,1e-20,1e-20,0.7014019951469399,0.4444444444444444,0.3402835696413678,0.26373626373626374,0.9618592351505288,0.07216494845360824,0.07560137457044673,0.9613603654339529,0.13728813559322034,0.744270205066345,0.03571428571428571,0.02857142857142857,0.014598540145985401,0.09090909090909091,0.03571428571428571,0.01020408163265306
Vehicle_10,8389637,1153,0.14491776759234296,0.02,0.13678065054211844,0.11538461538461539,0.9618592351505288,0.215962441314554,0.21774193548387097,0.9613603654339529,0.14249363867684478,1e-20,0.02702702702702703,1e-20,0.08490566037735849,1e-20,0.058823529411764705,0.044444444444444446,0.14491776759234296,0.02,0.13678065054211844,0.11538461538461539,0.9618592351505288,0.215962441314554,0.21774193548387097,0.9613603654339529,0.14249363867684478,0.744270205066345,0.02702702702702703,0.09090909090909091,0.08490566037735849,0.09090909090909091,0.058823529411764705,0.044444444444444446
Vehicle_10,8389637,1154,0.24739039665970772,0.07142857142857142,0.2465753424657534,0.23626373626373626,0.9618592351505288,0.07641561297416163,0.08388312912346843,0.9613603654339529,0.1278538812785388,1e-20,0.034482758620689655,0.04,0.13333333333333333,1e-20,0.08771929824561403,0.11969111969111969,0.24739039665970772,0.07142857142857142,0.2465753424657534,0.23626373626373626,0.9618592351505288,0.07641561297416163,0.08388312912346843,0.9613603654339529,0.1278538812785388,0.744270205066345,0.034482758620689655,0.04,0.13333333333333333,0.125,0.08771929824561403,0.11969111969111969
Vehicle_10,8389637,1155,0.5866076369673492,0.13513513513513514,0.2673076923076923,0.25142857142857145,0.9618592351505288,0.2883435582822086,0.2753623188405797,0.9613603654339529,0.15434083601286175,1e-20,0.0989010989010989,0.08333333333333333,0.08571428571428572,0.03571428571428571,0.05194805194805195,0.06701030927835051,0.5866076369673492,0.13513513513513514,0.2673076923076923,0.25142857142857145,0.9618592351505288,0.2883435582822086,0.2753623188405797,0.9613603654339529,0.15434083601286175,0.744270205066345,0.0989010989010989,0.08333333333333333,0.08571428571428572,0.03571428571428571,0.05194805194805195,0.06701030927835051
Vehicle_10,8389637,1156,0.7014019951469399,0.11904761904761904,0.13678065054211844,0.11538461538461539,0.9618592351505288,0.2504970178926441,0.2564102564102564,0.9613603654339529,0.14249363867684478,1e-20,0.07537688442211055,0.039603960396039604,0.1318181818181818,0.038461538461538464,1e-20,0.01904761904761905,0.7014019951469399,0.11904761904761904,0.13678065054211844,0.11538461538461539,0.9618592351505288,0.2504970178926441,0.2564102564102564,0.9613603654339529,0.14249363867684478,0.744270205066345,0.07537688442211055,0.039603960396039604,0.1318181818181818,0.038461538461538464,0.09375,0.01904761904761905
Vehicle_10,8389637,1157,0.7014019951469399,0.09433962264150944,0.1541095890410959,0.11538461538461539,0.9618592351505288,0.14545454545454545,0.14462081128747795,0.9613603654339529,0.2054794520547945,1e-20,0.09868421052631579,0.04878048780487805,0.11964285714285715,0.15789473684210525,0.2,0.10344827586206896,0.7014019951469399,0.09433962264150944,0.1541095890410959,0.11538461538461539,0.9618592351505288,0.14545454545454545,0.14462081128747795,0.9613603654339529,0.2054794520547945,0.744270205066345,0.09868421052631579,0.04878048780487805,0.11964285714285715,0.15789473684210525,0.2,0.10344827586206896
Vehicle_10,8389637,1158,0.14491776759234296,0.10810810810810811,0.3146067415730337,0.30927835051546393,0.9618592351505288,0.051630434782608696,0.05200945626477541,0.9613603654339529,0.11359026369168357,1e-20,0.0855614973262032,0.07017543859649122,0.03006012024048096,1e-20,1e-20,0.008379888268156424,0.14491776759234296,0.10810810810810811,0.3146067415730337,0.30927835051546393,0.9618592351505288,0.051630434782608696,0.05200945626477541,0.9613603654339529,0.11359026369168357,0.744270205066345,0.0855614973262032,0.07017543859649122,0.03006012024048096,0.08108108108108109,0.02097902097902098,0.008379888268156424
Vehicle_10,8389637,1159,0.4921711899791232,0.07692307692307693,0.3163841807909605,0.25396825396825395,0.9618592351505288,0.21693121693121692,0.19387755102040816,0.9613603654339529,0.19272727272727272,1e-20,0.0967741935483871,0.09523809523809523,0.13023255813953488,0.07692307692307693,1e-20,1e-20,0.4921711899791232,0.07692307692307693,0.3163841807909605,0.25396825396825395,0.9618592351505288,0.21693121693121692,0.19387755102040816,0.9613603654339529,0.19272727272727272,0.744270205066345,0.0967741935483871,0.09523809523809523,0.13023255813953488,0.07692307692307693,0.0625,0.06818181818181818
Vehicle_10,8389637,1160,0.19206314404735803,0.03125,0.3268156424581006,0.2782608695652174,0.9618592351505288,0.19617224880382775,0.1841541755888651,0.9613603654339529,0.22021660649819494,1e-20,0.13333333333333333,0.043478260869565216,0.13333333333333333,1e-20,0.01818181818181818,0.007633587786259542,0.19206314404735803,0.03125,0.3268156424581006,0.2782608695652174,0.9618592351505288,0.19617224880382775,0.1841541755888651,0.9613603654339529,0.22021660649819494,0.744270205066345,0.13333333333333333,0.043478260869565216,0.13333333333333333,0.034482758620689655,0.01818181818181818,0.007633587786259542
Vehicle_10,8389637,1161,0.5866076369673492,0.09523809523809523,0.2303370786516854,0.27835051546391754,0.9618592351505288,0.18282828282828284,0.1781305114638448,0.9613603654339529,0.12373225152129817,1e-20,0.0374331550802139,0.07936507936507936,0.09107142857142857,0.11904761904761904,0.10204081632653061,0.12037037037037036,0.5866076369673492,0.09523809523809523,0.2303370786516854,0.27835051546391754,0.9618592351505288,0.18282828282828284,0.1781305114638448,0.9613603654339529,0.12373225152129817,0.744270205066345,0.0374331550802139,0.07936507936507936,0.09107142857142857,0.11904761904761904,0.10204081632653061,0.12037037037037036
Vehicle_10,8389637,1162,0.7014019951469399,0.11538461538461539,0.0931899641577061,0.07058823529411765,0.9618592351505288,0.13458110516934046,0.14240506329113925,0.9613603654339529,0.04501607717041801,1e-20,0.02586206896551724,0.015873015873015872,0.09264305177111716,0.05,0.03076923076923077,0.08755760368663594,0.7014019951469399,0.11538461538461539,0.0931899641577061,0.07058823529411765,0.9618592351505288,0.13458110516934046,0.14240506329113925,0.9613603654339529,0.04501607717041801,0.744270205066345,0.02586206896551724,0.015873015873015872,0.09264305177111716,0.05,0.03076923076923077,0.08755760368663594
Vehicle_10,8389637,1163,0.7014019951469399,0.1111111111111111,0.20300751879699247,0.12195121951219512,0.9618592351505288,0.07425742574257425,0.06531531531531531,0.9613603654339529,0.18584070796460178,1e-20,0.11538461538461539,0.06451612903225806,0.06578947368421052,0.09090909090909091,1e-20,0.0045662100456621,0.7014019951469399,0.1111111111111111,0.20300751879699247,0.12195121951219512,0.9618592351505288,0.07425742574257425,0.06531531531531531,0.9613603654339529,0.18584070796460178,0.744270205066345,0.11538461538461539,0.06451612903225806,0.06578947368421052,0.09090909090909091,0.011904761904761904,0.0045662100456621
Vehicle_10,8389637,1164,0.7014019951469399,0.037037037037037035,0.2955665024630542,0.23529411764705882,0.9618592351505288,0.2449438202247191,0.22746781115879827,0.9613603654339529,0.12844036697247707,1e-20,0.028846153846153848,0.11538461538461539,0.08544303797468354,0.03225806451612903,0.2,0.08333333333333333,0.7014019951469399,0.037037037037037035,0.2955665024630542,0.23529411764705882,0.9618592351505288,0.2449438202247191,0.22746781115879827,0.9613603654339529,0.12844036697247707,0.744270205066345,0.028846153846153848,0.11538461538461539,0.08544303797468354,0.03225806451612903,0.2,0.08333333333333333
Vehicle_10,8389637,1165,0.14491776759234296,0.02857142857142857,0.20056497175141244,0.19047619047619047,0.9618592351505288,0.14545454545454545,0.14462081128747795,0.9613603654339529,0.10830324909747292,1e-20,0.0703125,0.047619047619047616,0.10913705583756345,0.038461538461538464,0.20270270270270271,0.16167664670658682,0.14491776759234296,0.02857142857142857,0.20056497175141244,0.19047619047619047,0.9618592351505288,0.14545454545454545,0.14462081128747795,0.9613603654339529,0.10830324909747292,0.744270205066345,0.0703125,0.047619047619047616,0.10913705583756345,0.038461538461538464,0.20270270270270271,0.16167664670658682
Vehicle_10,8389637,1166,0.24739039665970772,0.058823529411764705,0.12162162162162163,0.10666666666666667,0.9618592351505288,0.08559782608695653,0.09692671394799054,0.9613603654339529,0.013937282229965157,1e-20,0.043010752688172046,0.03225806451612903,0.02491103202846975,0.02857142857142857,0.02631578947368421,0.033783783783783786,0.24739039665970772,0.058823529411764705,0.12162162162162163,0.10666666666666667,0.9618592351505288,0.08559782608695653,0.09692671394799054,0.9613603654339529,0.013937282229965157,0.744270205066345,0.043010752688172046,0.03225806451612903,0.02491103202846975,0.02857142857142857,0.02631578947368421,0.033783783783783786
Vehicle_10,8389637,1167,0.11344770337576093,0.12121212121212122,0.06779661016949153,0.08888888888888889,0.9618592351505288,0.19547325102880658,0.21374045801526717,0.9613603654339529,0.03333333333333333,1e-20,0.0273972602739726,0.027777777777777776,0.038461538461538464,1e-20,0.03225806451612903,0.017391304347826087,0.11344770337576093,0.12121212121212122,0.06779661016949153,0.08888888888888889,0.9618592351505288,0.19547325102880658,0.21374045801526717,0.9613603654339529,0.03333333333333333,0.744270205066345,0.0273972602739726,0.027777777777777776,0.038461538461538464,0.03225806451612903,0.03225806451612903,0.017391304347826087
Vehicle_10,8389637,1168,0.15595716198125836,0.16666666666666666,0.06060606060606061,0.1,0.9618592351505288,0.08143607705779335,0.07790143084260731,0.9613603654339529,0.043478260869565216,1e-20,1e-20,1e-20,1e-20,1e-20,1e-20,0.02702702702702703,0.15595716198125836,0.16666666666666666,0.06060606060606061,0.1,0.9618592351505288,0.08143607705779335,0.07790143084260731,0.9613603654339529,0.043478260869565216,0.744270205066345,0.008333333333333333,0.011111111111111112,0.0034482758620689655,0.013157894736842105,0.07692307692307693,0.02702702702702703
Vehicle_10,8389637,1169,0.48858773181169757,0.08695652173913043,0.008264462809917356,0.011299435028248588,0.9618592351505288,0.23819301848049282,0.2,0.9613603654339529,0.04285714285714286,1e-20,0.02062296980837509,0.011996071815274595,0.010475159267746078,0.011613325611260796,1e-20,0.022222222222222223,0.48858773181169757,0.08695652173913043,0.008264462809917356,0.011299435028248588,0.9618592351505288,0.23819301848049282,0.2,0.9613603654339529,0.04285714285714286,0.744270205066345,1.0,1.0,0.5,1.0,0.0625,0.022222222222222223
Vehicle_10,8389637,1170,0.617026055705301,0.075,0.1917808219178082,0.16216216216216217,0.9618592351505288,0.24060693641618497,0.24180967238689546,0.9613603654339529,0.12790697674418605,1e-20,0.01867902198272606,0.011331302092513786,0.03508171127842268,0.007715357691436053,0.1111111111111111,0.1038961038961039,0.617026055705301,0.075,0.1917808219178082,0.16216216216216217,0.9618592351505288,0.24060693641618497,0.24180967238689546,0.9613603654339529,0.12790697674418605,0.744270205066345,1.0,1.0,1.0,1.0,0.1111111111111111,0.1038961038961039
Vehicle_10,8389637,1171,0.617026055705301,1e-20,0.02877697841726619,0.039603960396039604,0.9618592351505288,0.15910676901605025,0.16152716593245228,0.9613603654339529,0.00946372239747634,1e-20,0.0425531914893617,0.03773584905660377,0.15488215488215487,0.0851063829787234,0.029411764705882353,0.03592814371257485,0.617026055705301,0.021739130434782608,0.02877697841726619,0.039603960396039604,0.9618592351505288,0.15910676901605025,0.16152716593245228,0.9613603654339529,0.00946372239747634,0.744270205066345,0.0425531914893617,0.03773584905660377,0.15488215488215487,0.0851063829787234,0.029411764705882353,0.03592814371257485
Vehicle_10,8389637,1172,0.02628032345013477,0.16666666666666666,0.10606060606060606,0.11764705882352941,0.9618592351505288,0.3333333333333333,0.33816425120772947,0.9613603654339529,0.016129032258064516,1e-20,0.005128205128205128,0.022900763358778626,0.0897119341563786,0.02912621359223301,1e-20,0.017543859649122806,0.02628032345013477,0.16666666666666666,0.10606060606060606,0.11764705882352941,0.9618592351505288,0.3333333333333333,0.33816425120772947,0.9613603654339529,0.016129032258064516,0.744270205066345,0.005128205128205128,0.022900763358778626,0.0897119341563786,0.02912621359223301,0.027777777777777776,0.017543859649122806
Vehicle_10,8389637,1173,0.2662337662337662,1e-20,,,,,,,,,,,,,,,0.2662337662337662,0.15384615384615385,,,,,,,,,,,,,,
