subdir,file,cluster,size,mean_vect_turning_angles,max_x,max_y,surf_trapz_x,surf_trapz_y,surf_simpson_x,surf_simpson_y,x_poly_1,x_poly_2,x_poly_3,x_poly_4,x_poly_5,x_poly_6,y_poly_1,y_poly_2,y_poly_3,y_poly_4,y_poly_5,y_poly_6,xy_poly_1,xy_poly_2,xy_poly_3,xy_poly_4,xy_poly_5,xy_poly_6,duration,len,offset,mean_speed_len,mean_speed_offset,len_vs_offset,total_surf,left_same_euclidean,left_same_dtw,left_same_simpson,left_same_trapz,left_same_custom,left_same_simpson x,left_same_trapz x,left_same_simpson y,left_same_trapz y,right_same_euclidean,right_same_dtw,right_same_simpson,right_same_trapz,right_same_custom,right_same_simpson x,right_same_trapz x,right_same_simpson y,right_same_trapz y,down_same_euclidean,down_same_dtw,down_same_simpson,down_same_trapz,down_same_custom,down_same_simpson x,down_same_trapz x,down_same_simpson y,down_same_trapz y,up_same_euclidean,up_same_dtw,up_same_simpson,up_same_trapz,up_same_custom,up_same_simpson x,up_same_trapz x,up_same_simpson y,up_same_trapz y,diagonal_same_euclidean,diagonal_same_dtw,diagonal_same_simpson,diagonal_same_trapz,diagonal_same_custom,diagonal_same_simpson x,diagonal_same_trapz x,diagonal_same_simpson y,diagonal_same_trapz y,left_circle_same_euclidean,left_circle_same_dtw,left_circle_same_simpson,left_circle_same_trapz,left_circle_same_custom,left_circle_same_simpson x,left_circle_same_trapz x,left_circle_same_simpson y,left_circle_same_trapz y,right_circle_same_euclidean,right_circle_same_dtw,right_circle_same_simpson,right_circle_same_trapz,right_circle_same_custom,right_circle_same_simpson x,right_circle_same_trapz x,right_circle_same_simpson y,right_circle_same_trapz y,down_circle_same_euclidean,down_circle_same_dtw,down_circle_same_simpson,down_circle_same_trapz,down_circle_same_custom,down_circle_same_simpson x,down_circle_same_trapz x,down_circle_same_simpson y,down_circle_same_trapz y,up_circle_same_euclidean,up_circle_same_dtw,up_circle_same_simpson,up_circle_same_trapz,up_circle_same_custom,up_circle_same_simpson x,up_circle_same_trapz x,up_circle_same_simpson y,up_circle_same_trapz y,sin_same_euclidean,sin_same_dtw,sin_same_simpson,sin_same_trapz,sin_same_custom,sin_same_simpson x,sin_same_trapz x,sin_same_simpson y,sin_same_trapz y,sin_reverse_same_euclidean,sin_reverse_same_dtw,sin_reverse_same_simpson,sin_reverse_same_trapz,sin_reverse_same_custom,sin_reverse_same_simpson x,sin_reverse_same_trapz x,sin_reverse_same_simpson y,sin_reverse_same_trapz y,sin_half_same_euclidean,sin_half_same_dtw,sin_half_same_simpson,sin_half_same_trapz,sin_half_same_custom,sin_half_same_simpson x,sin_half_same_trapz x,sin_half_same_simpson y,sin_half_same_trapz y,sin_half_reverse_same_euclidean,sin_half_reverse_same_dtw,sin_half_reverse_same_simpson,sin_half_reverse_same_trapz,sin_half_reverse_same_custom,sin_half_reverse_same_simpson x,sin_half_reverse_same_trapz x,sin_half_reverse_same_simpson y,sin_half_reverse_same_trapz y,cos_same_euclidean,cos_same_dtw,cos_same_simpson,cos_same_trapz,cos_same_custom,cos_same_simpson x,cos_same_trapz x,cos_same_simpson y,cos_same_trapz y,cos_reverse_same_euclidean,cos_reverse_same_dtw,cos_reverse_same_simpson,cos_reverse_same_trapz,cos_reverse_same_custom,cos_reverse_same_simpson x,cos_reverse_same_trapz x,cos_reverse_same_simpson y,cos_reverse_same_trapz y,cos_half_same_euclidean,cos_half_same_dtw,cos_half_same_simpson,cos_half_same_trapz,cos_half_same_custom,cos_half_same_simpson x,cos_half_same_trapz x,cos_half_same_simpson y,cos_half_same_trapz y,cos_half_reverse_same_euclidean,cos_half_reverse_same_dtw,cos_half_reverse_same_simpson,cos_half_reverse_same_trapz,cos_half_reverse_same_custom,cos_half_reverse_same_simpson x,cos_half_reverse_same_trapz x,cos_half_reverse_same_simpson y,cos_half_reverse_same_trapz y,monotonous,key,flip,zone,engine,in_zone,ignition,sleep_mode,staff_mode,buzzer_active,in_primary_zone,in_restricted_zone,onboard_geofencing,speed_limit_active,12_d_offset,12_d_offset x,12_d_offset y,12_n_offset,16_d_offset,16_d_offset x,16_d_offset y,16_n_offset,20_d_offset,20_d_offset x,20_d_offset y,20_n_offset,24_d_offset,24_d_offset x,24_d_offset y,24_n_offset,28_d_offset,28_d_offset x,28_d_offset y,28_n_offset,32_d_offset,32_d_offset x,32_d_offset y,32_n_offset,36_d_offset,36_d_offset x,36_d_offset y,36_n_offset,4_d_offset,4_d_offset x,4_d_offset y,4_n_offset,8_d_offset,8_d_offset x,8_d_offset y,8_n_offset,mean_speed,mean_acceler,mean_speed_ototrak,mean_acceler_ototrak,avg_ratio_speed,avg_ratio_acceler
all,filenames_in_cluster_train KMeans test nclus 8,4,247,0.8658958678789087,0.07645246963558125,0.02612526315789098,0.7322429494499513,0.252292857119028,0.7263069234517003,0.24981292624742182,-6.768494542812696e-11,-5.5487185329986336e-08,-3.3587415809834253e-07,6.43172205426596e-05,0.0029269177335286027,0.003666912815206972,-4.601773926247195e-09,2.293229368933524e-07,-6.210439798735069e-06,9.161749839630934e-05,0.0005137444811111223,0.003622763932223759,0.0,0.0,0.0,0.0,0.0,0.0,19.314271252164957,0.1042001210548022,0.0809712540457204,0.005387389771681695,0.004189256184205857,1.9215021100891077,0.000973779143317316,0.05098569978081044,0.6827790776654893,1000000.0,0.0008713111222661266,0.0060333678792268575,0.7287483517389194,0.7322429494499513,0.5840841353279129,0.5817992005031627,0.06488287669015202,0.9308139707936126,1000000.0,0.0008713111222661266,0.09052356345663128,0.8641469227023497,0.8582108967040991,0.5840841353279129,0.5817992005031627,0.01793557202533652,0.24655653618267542,1000000.0,0.0008713111222661266,0.018108343489010834,0.15519504482622828,0.14922197834452267,0.2527028892389178,0.252292857119028,0.07383840881115473,1.422307514943531,1000000.0,0.011677419052634329,0.10774104562944385,0.15519504482622828,0.14922197834452267,1.3406409199066291,1.3381609890350228,0.03685399789430382,0.5686775516271936,1000000.0,0.005508418593524754,0.06505761259833168,0.15519504482622828,0.14922197834452267,0.5840841353279129,0.5817992005031627,0.04244195540744412,0.48793188918036695,1000000.0,0.005575153873873687,0.034421914712691536,0.20494359310939042,0.20399591678694926,0.5840841353279129,0.5817992005031627,0.0485714608040036,0.6100311814513104,1000000.0,0.004182158887411274,0.059515470964952064,0.2611336109706488,0.25766741239130025,0.5840841353279129,0.5817992005031627,0.030502842613499826,0.5481011997883476,1000000.0,0.004182158887411274,0.04502948866388164,0.15519504482622828,0.14922197834452267,0.45368780643606016,0.4494056889223875,0.04690823758396005,0.8387424086545995,1000000.0,0.006872758633664131,0.061855422711126484,0.15519504482622828,0.14922197834452267,0.7291969987367483,0.7293751987611268,0.05941372071888285,0.7173748664941577,1000000.0,0.0008713111222661266,0.09524471078507638,0.15519504482622828,0.14922197834452267,0.2527028892389178,0.252292857119028,0.053282988293071105,0.8136850928809494,1000000.0,0.0008713111222661266,0.07756862169427811,0.15519504482622828,0.14922197834452267,0.2527028892389178,0.252292857119028,0.04684064729629771,0.72286813574898,1000000.0,0.0071523286609032986,0.07373069034807034,0.15519504482622828,0.14922197834452267,0.7677486818495781,0.7630090527728485,0.06519001629818211,0.8867155639212689,1000000.0,0.008651721417678457,0.09976631700531803,0.15519504482622828,0.14922197834452267,1.264251855910318,1.2624993572744911,0.059464693892737765,0.7860031277383269,1000000.0,0.0008713111222661266,0.08058065849295096,0.15519504482622828,0.14922197834452267,0.2534503594767302,0.2522928571190281,0.060197615112488896,0.7815153967030991,1000000.0,0.0008713111222661238,0.08257559400560617,0.15519504482622828,0.14922197834452267,0.2519642217640764,0.25229285711902777,0.06418862796783996,0.7796564577215779,1000000.0,0.0008713111222661258,0.08948281209580002,0.15519504482622828,0.14922197834452267,0.2527028892389178,0.2522928571190278,0.05606140168345435,0.8800695872323542,1000000.0,0.0008713111222661266,0.0691652365837471,0.15519504482622828,0.14922197834452267,0.25270288923891804,0.2522928571190282,0.4817813765182186,0.008097165991902834,0.024291497975708502,0.0,1.0,0.7975708502024291,1.0,0.0,0.5384615384615384,0.05668016194331984,0.48582995951417,0.0,0.0,0.29554655870445345,0.014915563902209245,0.00895109218214795,0.0100396904447217,0.03779565310036224,0.014932642703784055,0.008897182131879929,0.010147332779306824,0.03779565310036224,0.014936542007449786,0.00888833804997162,0.010192041972183251,0.03779565310036224,0.01499580771165363,0.00893766729758776,0.010213470337699211,0.03779565310036224,0.015059170787600336,0.008962048730362816,0.01027296694406073,0.03779565310036224,0.015046275182101974,0.008961260024879516,0.01026170225910497,0.03779565310036224,0.015042319763519812,0.008972649434462639,0.010251524099780796,0.03779565310036224,0.014920778157933176,0.009929962060163795,0.007268805121142653,0.03779565310036224,0.013370725471917448,0.0077235999137134585,0.009112974459175563,0.03779565310036224,0.008159341447925189,2.1430375364444893e-05,10.007044534412955,0.03694864692094608,0.0008133331610160858,-0.0077827377293659605
all,filenames_in_cluster_train KMeans test nclus 8,0,197,15.075672257904097,0.09691329949242711,0.04678771573603476,0.9451896699338633,0.4450434165250886,0.9451462192222259,0.44491676202045766,-4.126100571842649e-09,1.1259769616765153e-07,-5.065580368664451e-06,0.00010657942145143039,0.004399998699580197,0.0016423864973136163,1.1597704873740372e-08,-7.702386973422088e-07,1.5985396211683603e-05,-0.0001104192416039643,0.002245541767888921,0.0027949151739616596,-402.2997468493422,58.399092545816,0.012039312039840938,-0.31029589625138854,0.06316054586187289,-1.7333694374810554e-05,19.192822330494216,0.1289317603571585,0.10863739911320226,0.006719397568469806,0.005663853369990741,1.4525400681390463,0.001586864873102327,0.060994839221128756,0.8773282501898216,1000000.0,0.0026812406538010334,0.009039161716291062,0.9451462192222259,0.9451896699338633,0.6073864361338757,0.6071423404525016,0.07527626546579685,1.1582293525901624,1000000.0,0.0026812406538010334,0.10618393233410302,1.0598128670731288,1.059769416361491,0.6073864361338757,0.6071423404525016,0.027957015000874903,0.4469476593749786,1000000.0,0.0026812406538010334,0.046160954713459046,0.19688460790497928,0.1965265323609323,0.44491676202045766,0.4450434165250886,0.08595235285507943,1.6610785151823297,1000000.0,0.01564176670663446,0.14021323065052566,0.19688460790497928,0.1965265323609323,1.5600423242748964,1.5599156697702654,0.03862271095835884,0.6266825879660587,1000000.0,0.006510218490376558,0.07673992471508014,0.19688460790497928,0.1965265323609323,0.6073864361338757,0.6071423404525016,0.04771600847750812,0.5857286655477337,1000000.0,0.00974358376935518,0.04021347234100201,0.2820736234767849,0.2842897621081538,0.6073864361338757,0.6071423404525016,0.05487181161224345,0.7501941065339266,1000000.0,0.004544932187961112,0.07077242493650181,0.30835923695392214,0.31106379701486003,0.6073864361338757,0.6071423404525016,0.033109133518121524,0.5726605018832197,1000000.0,0.004544932187961112,0.051240439554477324,0.19688460790497928,0.1965265323609323,0.45139260452634544,0.4485225569182061,0.051980010679179414,0.9378220997579647,1000000.0,0.00854965746724532,0.07317830388872797,0.19688460790497928,0.1965265323609323,0.7879971296001478,0.7912584192831689,0.0785232459841309,0.8829862823329646,1000000.0,0.0026812406538010342,0.15409445126576976,0.19688460790497928,0.1965265323609323,0.44491676202045766,0.44504341652508844,0.06423420108654303,1.0354156205319818,1000000.0,0.0026812406538010334,0.10310833553506081,0.19688460790497928,0.1965265323609323,0.44491676202045766,0.4450434165250886,0.05391162932917953,0.8823378214004637,1000000.0,0.008967886118318039,0.09410573257397789,0.19688460790497928,0.1965265323609323,0.8354933291943162,0.8325996793111639,0.08838495170028877,1.1626966941822983,1000000.0,0.014270664937827617,0.16549767598075818,0.19688460790497928,0.1965265323609323,1.7212988006325451,1.7185306707570145,0.07459626669354137,1.0475852649602961,1000000.0,0.0026812406538010347,0.11677306066078083,0.19688460790497928,0.1965265323609323,0.4458696937184655,0.4450434165250887,0.07665511723424981,0.990239480481703,1000000.0,0.002681240653801031,0.12579224906923864,0.19688460790497928,0.1965265323609323,0.44396383032244946,0.4450434165250882,0.08509802795300642,1.0042939911204012,1000000.0,0.0026812406538010334,0.14693828327897926,0.19688460790497928,0.1965265323609323,0.44491676202045755,0.44504341652508833,0.06665251726344917,1.1250800327221184,1000000.0,0.0026812406538010355,0.09013603802634429,0.19688460790497928,0.1965265323609323,0.4449167620204579,0.44504341652508883,0.9441624365482234,0.015228426395939087,0.025380710659898477,0.0,1.0,0.8527918781725888,1.0,0.0,0.4467005076142132,0.04568527918781726,0.5685279187817259,0.0,0.0,0.2639593908629442,0.013282465547466588,0.007877726339969618,0.009009769358097643,0.03012289607266898,0.013417265512590768,0.007993896727577643,0.009101941680741977,0.03012289607266898,0.013420199919580116,0.007984732898652125,0.009124532579815757,0.03012289607266898,0.013532603595766688,0.008054620091363525,0.009186311989367627,0.03012289607266898,0.013571318104771574,0.008078431704380306,0.009213836903756378,0.03012289607266898,0.01361655019196034,0.008126811550781802,0.009223186875941529,0.03012289607266898,0.013598839644372572,0.008119356769444485,0.009208364625461079,0.03012289607266898,0.014249887875455747,0.009278575613306365,0.007265042552416342,0.03012289607266898,0.01246683554598319,0.007101936421677505,0.00860003260968177,0.03012289607266898,0.006965359878824294,-3.296651862982491e-06,12.506091370558389,-0.008976756612343043,0.000565843672414611,0.00011021140292969317
all,filenames_in_cluster_train KMeans test nclus 8,2,54,51.19627191989039,0.07641999999982038,0.24387629629633734,0.6666656374658702,2.336486955939784,0.666286097444356,2.336177291444022,-9.002321352352177e-08,4.507120175717024e-06,-8.508483536971576e-05,0.0008007271988654817,-5.0172136839790435e-05,0.0027977840095631317,-7.812380796105635e-09,5.206955931704077e-07,-2.7650587198429472e-05,0.0005811292912640734,0.008851918415756747,0.0016195575916988743,-26790.604883686716,6275.786711394417,-509.57476403770113,14.829841104339671,0.19995447778896228,0.00019574190692629075,19.343370375809847,0.2723924641286288,0.2573138690684913,0.014074551129780701,0.013293005912722812,1.0964268753450102,0.003029005296312729,0.04183409821198309,0.7374943432544673,1000000.0,0.009848676044412178,0.008786416547337774,0.666286097444356,0.6666656374658702,0.2774021312998714,0.27677580265084245,0.211101991126783,4.216279047675704,1000000.0,0.009848676044412178,0.11789301012601518,3.967609828481477,3.9672302884599646,0.2774021312998714,0.27677580265084245,0.15265155511701803,2.232191130500315,1000000.0,0.009848676044412178,0.4212745372976987,1.6641829927214185,1.6640314908676765,2.336177291444022,2.336486955939784,0.17545882800903764,2.528456560241646,1000000.0,0.054412746407433314,0.21930963573649415,1.6641829927214185,1.6640314908676765,2.2977186344818117,2.29740896998605,0.09186878083994596,1.4802585121880165,1000000.0,0.022349276277823706,0.06199241569274035,1.6641829927214185,1.6640314908676765,0.2774021312998714,0.27677580265084245,0.07439258744985142,1.4195675630481637,1000000.0,0.034762505383123116,0.05149130865150619,1.1759328490911725,1.1672994976157103,0.2774021312998714,0.27677580265084245,0.12362770313923153,2.320375731410849,1000000.0,0.016080507431111966,0.07075403402377357,2.1619951338099903,2.1706922121611485,0.2774021312998714,0.27677580265084245,0.11944396304214767,1.3862291435220935,1000000.0,0.016080507431111963,0.2130607864513472,1.6641829927214185,1.6640314908676765,0.5587083959082348,0.5662105768794633,0.1326487828893079,1.7171813166767054,1000000.0,0.02949891706872238,0.13462553545235975,1.6641829927214185,1.6640314908676765,0.5352442204161099,0.5418128364204772,0.24415911749131386,1.3646313507679595,1000000.0,0.009848676044412178,0.7202026529009773,1.6641829927214185,1.6640314908676765,2.336177291444022,2.336486955939784,0.18580671115181982,2.500187597325383,1000000.0,0.009848676044412178,0.2988769435734451,1.6641829927214185,1.6640314908676765,2.336177291444022,2.336486955939784,0.1410396366042969,1.2370461792190273,1000000.0,0.030968168045135004,0.2752950461272539,1.6641829927214185,1.6640314908676765,0.6377392079762778,0.6310764105738611,0.28550300128170614,2.5658547175523654,1000000.0,0.05066552013395947,0.8116438965892596,1.6641829927214185,1.6640314908676765,5.28617341309963,5.279792602145114,0.22468310024933416,1.8455478680476671,1000000.0,0.009848676044412181,0.45707826109919614,1.6641829927214185,1.6640314908676765,2.3383797235750654,2.336486955939784,0.21963616080604711,2.0935275103472186,1000000.0,0.009848676044412176,0.5382939453043664,1.6641829927214185,1.6640314908676765,2.3339748593129794,2.3364869559397836,0.26348548789136,2.0588693628594354,1000000.0,0.009848676044412176,0.7136276880684079,1.6641829927214185,1.6640314908676765,2.3361772914440215,2.3364869559397836,0.18359351385041844,3.5445284229131073,1000000.0,0.009848676044412185,0.20586641790713725,1.6641829927214185,1.6640314908676765,2.3361772914440224,2.336486955939784,1.1296296296296295,0.0,0.0,0.0,1.0,0.9814814814814815,1.0,0.0,0.037037037037037035,0.037037037037037035,0.9814814814814815,0.0,0.0,0.037037037037037035,0.010958196423120084,0.007871175242757121,0.006094078034274207,0.024671052631578944,0.010963530015725307,0.007987631967285717,0.006021906798965219,0.024671052631578944,0.011008329738610245,0.007983317421676362,0.0060786438677206235,0.024671052631578944,0.011135667323673206,0.008090326062671509,0.006123846299296405,0.024671052631578944,0.011070008443662911,0.008085362451241303,0.0060511854328829705,0.024671052631578944,0.011111113291951415,0.008129376266145625,0.006058713320422427,0.024671052631578944,0.011179493041025328,0.008168408410395879,0.006107735037713501,0.024671052631578944,0.013058451045817888,0.00840643274853797,0.006578947368421002,0.024671052631578944,0.010925665823984378,0.006153853505171255,0.007545276011203974,0.024671052631578944,0.014554563800497154,9.474500651619363e-05,27.53472222222222,0.1804093567251462,0.0005347977252151388,0.00035860261718630404
all,filenames_in_cluster_train KMeans test nclus 8,5,143,32.695997152399315,0.09899132867142715,0.1165107692307417,0.9707350059228403,1.1282186638098495,0.9705940485668259,1.1279580297765173,1.773239493584815e-08,-5.700104250923918e-07,-2.6727200219319556e-06,0.00018555808811500363,0.003940660224365157,0.0022333042687744118,-4.0770322585710945e-08,2.4082636249883782e-06,-5.284862485022202e-05,0.0005008604876465485,0.004169018706099274,0.0026721881371648943,1001.2102876171389,-108.42904668282478,13.624117985253351,-1.0279280899862102,0.17081705896891042,2.8429238946367777e-05,19.276258735389977,0.17915835690853002,0.1572447664016095,0.009303549403274627,0.008171169405208486,1.2352166007527274,0.0026082515552502054,0.057979115355963125,0.8705731648288229,1000000.0,0.006518292036363547,0.010470539765775251,0.9705940485668259,0.9707350059228403,0.4041521436189849,0.40347242649051673,0.09913591126745627,1.8605878846971118,1000000.0,0.006518292036363547,0.09260276014603973,1.7074253919941096,1.7072844346380955,0.4041521436189849,0.40347242649051673,0.06865297176811999,1.0009188571316394,1000000.0,0.006518292036363547,0.14615791191692176,0.5189565154494751,0.5185279601416658,1.1279580297765173,1.1282186638098495,0.09659927940040146,1.6798410827033559,1000000.0,0.02162313041680736,0.13948316420208684,0.5189565154494751,0.5185279601416658,1.5500614107844195,1.5498007767510866,0.04255812898469884,0.7210123765628516,1000000.0,0.007961129131475625,0.05860462257471843,0.5189565154494751,0.5185279601416658,0.4041521436189849,0.40347242649051673,0.04967173358461162,0.7899939835858357,1000000.0,0.01713140726995085,0.03854176947634774,0.4812820758766285,0.48155277937569874,0.4041521436189849,0.40347242649051673,0.06386957288726323,1.1493357882241995,1000000.0,0.005474162069061054,0.058792582571523894,0.7010004001506714,0.704447638545761,0.4041521436189849,0.40347242649051673,0.052336475162296565,0.737343186336972,1000000.0,0.005474162069061053,0.08112630425615741,0.5189565154494751,0.5185279601416658,0.3729838525436154,0.37299388386417187,0.06258978293594548,0.9879908647364535,1000000.0,0.01085030429109447,0.06826066469734123,0.5189565154494751,0.5185279601416658,0.569915711356575,0.573319501430745,0.12614861451880316,1.0558846586838657,1000000.0,0.006518292036363547,0.28948402236745385,0.5189565154494751,0.5185279601416658,1.127958029776517,1.1282186638098495,0.09365559914323263,1.4796600780260976,1000000.0,0.006518292036363547,0.1376580124525758,0.5189565154494751,0.5185279601416658,1.1279580297765173,1.1282186638098495,0.06997505946511323,0.9240737002671793,1000000.0,0.011470796066988257,0.12126458915910113,0.5189565154494751,0.5185279601416658,0.6242734596973013,0.6206356814369238,0.14865110939607526,1.6874435249056225,1000000.0,0.024042674377352826,0.3220580125216552,0.5189565154494751,0.5185279601416658,2.8328187106504945,2.8292127875559063,0.11372560656209363,1.316054955742848,1000000.0,0.006518292036363549,0.19290633123472248,0.5189565154494751,0.5185279601416658,1.129230858549052,1.1282186638098497,0.1145212842840677,1.2696922649081739,1000000.0,0.0065182920363635434,0.21637214770011526,0.5189565154494751,0.5185279601416658,1.1266852010039823,1.1282186638098493,0.1368151523560812,1.315568293749057,1000000.0,0.006518292036363547,0.2837026242312747,0.5189565154494751,0.5185279601416658,1.127958029776517,1.1282186638098493,0.09223489046818821,1.7425045696248538,1000000.0,0.006518292036363547,0.10699826316445676,0.5189565154494751,0.5185279601416658,1.1279580297765177,1.1282186638098497,1.118881118881119,0.013986013986013986,0.02097902097902098,0.0,1.0,0.9090909090909091,1.0,0.0,0.2937062937062937,0.04895104895104895,0.7902097902097902,0.0,0.0,0.2097902097902098,0.012641806978337677,0.00821632518598622,0.0078060199539782115,0.027097902097902096,0.012609343090361678,0.008193711608161913,0.0077965911961879,0.027097902097902096,0.012572985888063831,0.008190800989454305,0.007789794875291669,0.027097902097902096,0.01272652192379525,0.008296527528765934,0.007855753588401617,0.027097902097902096,0.0127305038361662,0.008307550177980388,0.007857567290570291,0.027097902097902096,0.012744541892416476,0.00832841130822241,0.007846342307865756,0.027097902097902096,0.012757704221242961,0.008354668806601037,0.007846228505991934,0.027097902097902096,0.013971784999105535,0.009230307593589449,0.006850319360995703,0.027097902097902096,0.011815630217575467,0.006814165518125888,0.007995235406013055,0.027097902097902096,0.009637565081815262,-9.488460870086417e-06,17.80818181818182,-0.01634155318365846,0.0005505956925665694,0.00013613946651612555
all,filenames_in_cluster_train KMeans test nclus 8,6,17,5.458362266379727,0.027941176470596213,0.26676823529419547,0.25203901302523674,2.4050790942208478,0.2517755642877681,2.404712352309265,1.5705607892889347e-09,1.8297343857589845e-07,-5.103536316694501e-06,2.853842981443531e-05,0.0007417117617953,0.005560898272710718,-9.467363351213228e-08,2.5671688047799213e-06,4.934949560204588e-06,-0.0003542522903782776,0.01343034897558369,-0.00024706052768409413,0.0,0.0,0.0,0.0,0.0,0.0,19.418411745744592,0.2747283399473694,0.2680205117620351,0.014162088989098062,0.013817107039766595,1.0265865306167299,0.0032302968235496886,0.02287034428950937,0.45179129285279257,1000000.0,0.0032644566588776133,0.0034426980631219,0.2517755642877681,0.25203901302523674,0.29424455651674936,0.2936988866953733,0.2546256539310755,5.090584601421453,1000000.0,0.0032644566588776133,0.12551698077026688,4.8168209063019445,4.8165574575644765,0.29424455651674936,0.2936988866953733,0.17461679289284943,2.365172009725239,1000000.0,0.0032644566588776133,0.46571615286450746,2.2825226710070887,2.2822592222696203,2.404712352309265,2.4050790942208478,0.21604529730889108,2.865641913349962,1000000.0,0.07143426519998528,0.2758755979760047,2.2825226710070887,2.2822592222696203,2.663884118280449,2.6635173763688664,0.12341283767432444,1.804116329388179,1000000.0,0.03439795170585162,0.06416099674773584,2.2825226710070887,2.2822592222696203,0.29424455651674936,0.2936988866953733,0.09041137369120626,1.790441626406127,1000000.0,0.03135594563632951,0.052323490472226154,1.7232218061653246,1.7130302717340828,0.29424455651674936,0.2936988866953733,0.15727077697514089,2.922907851971427,1000000.0,0.026079222059765608,0.07423030389339551,2.8418235358488526,2.8514881728051575,0.29424455651674936,0.2936988866953733,0.14734928878205314,1.4640782467610487,1000000.0,0.026079222059765608,0.23621768873773488,2.2825226710070887,2.2822592222696203,0.45947903546153607,0.4662697636078102,0.16604960214692774,1.8834239817692497,1000000.0,0.042716681351937666,0.13909220517865675,2.2825226710070887,2.2822592222696203,0.6888867478273554,0.6984480916095462,0.2718089900439057,1.3185224061581717,1000000.0,0.003264456658877607,0.8209406596223696,2.2825226710070887,2.2822592222696203,2.404712352309265,2.4050790942208478,0.21996663570094044,2.5321220950136345,1000000.0,0.0032644566588776133,0.34310922923618503,2.2825226710070887,2.2822592222696203,2.404712352309265,2.4050790942208478,0.17438756649565476,1.3335476586354564,1000000.0,0.04441025232151141,0.3274865603366561,2.2825226710070887,2.2822592222696203,0.8220195746684705,0.8143347313588609,0.31443979223463836,2.5321220950136345,1000000.0,0.04968697589807532,0.9134123875851192,2.2825226710070887,2.2822592222696203,5.631444279287002,5.6244929198005575,0.2546455427839012,1.9464330033175425,1000000.0,0.003264456658877613,0.5007487785961194,2.2825226710070887,2.2822592222696203,2.407121392111747,2.405079094220848,0.25359177908138436,2.5324480786632177,1000000.0,0.0032644566588776137,0.6280795844626454,2.2825226710070887,2.2822592222696203,2.402303312506782,2.4050790942208478,0.2919064320771076,2.3805470709901675,1000000.0,0.0032644566588776076,0.815371627549125,2.2825226710070887,2.2822592222696203,2.404712352309265,2.4050790942208478,0.21815279416175914,4.186722415764786,1000000.0,0.003264456658877613,0.21470401905456835,2.2825226710070887,2.2822592222696203,2.404712352309266,2.405079094220848,1.0,0.0,0.0,0.0,1.0,1.0,1.0,0.0,0.0,0.0,1.0,0.0,0.0,0.058823529411764705,0.010258146420483907,0.00751444876664563,0.0055386235921958465,0.029024767801857584,0.010190188125602413,0.0076493428338875406,0.005393645407191453,0.029024767801857584,0.01023486067474044,0.007712533727009065,0.005423309665736376,0.029024767801857584,0.01026560852717474,0.007804510717294495,0.005360175486906576,0.029024767801857584,0.010290631317845977,0.007844956076133017,0.005364100087638923,0.029024767801857584,0.010393116740156735,0.007904095331180807,0.005423415609195112,0.029024767801857584,0.010359615948198163,0.007898792437598723,0.005382626575528183,0.029024767801857584,0.013165950185824747,0.008513931888544855,0.006578947368421003,0.029024767801857584,0.01076610958315034,0.006083908495211196,0.007411368159163537,0.029024767801857584,0.014682977342795596,0.00013438199799102582,28.227941176470587,0.25696594427244573,0.0005318538322289176,0.00018024692841538825
all,filenames_in_cluster_train KMeans test nclus 8,7,75,56.865387169545706,0.06197066666652516,0.12063146666661356,0.6212622474748385,1.2021190594504938,0.6176050027383647,1.1968653419872217,-1.1083272406039345e-08,3.3169043047378084e-07,-2.3690942188534737e-06,-1.727262270769788e-06,0.0032127034657687594,0.00048246555646648586,2.986886201537353e-08,-1.2220682516538667e-06,1.0181279323848324e-05,7.190613324132464e-05,0.005553661663503997,0.00032280774395090526,-642942.937762191,50147.33488391885,-1814.087466539876,34.129493613785606,0.73101475247623,0.0001669269041873482,19.475066674550373,0.14341253766160578,0.13514762781976755,0.007319907640106891,0.006910439663312779,1.0809744081767485,0.0009220771253355346,0.03410271706911694,0.5875794760668224,1000000.0,0.004507811797332878,0.004450263302711312,0.6176050027383647,0.6212622474748385,0.16198060981556128,0.15635921645227824,0.09023116533656882,1.8012851983465539,1000000.0,0.004507811797332878,0.037803425080966194,1.674392863927294,1.6707356191908194,0.16198060981556128,0.15635921645227824,0.06937826649983961,1.054354283170328,1000000.0,0.004507811797332878,0.11599737334630944,0.5318992960817265,0.52821496819335,1.1968653419872217,1.2021190594504938,0.07566171879322219,1.229306684232327,1000000.0,0.012748481759987522,0.057682942075558984,0.5318992960817265,0.52821496819335,1.0951325246784365,1.089878807215164,0.03255548234315876,0.5447006332406782,1000000.0,0.004271889573323441,0.020533289182976887,0.5318992960817265,0.52821496819335,0.16198060981556128,0.15635921645227824,0.031343296861188114,0.5551924098718842,1000000.0,0.011197989765739073,0.016930065092455215,0.31892235876508657,0.3121963402529282,0.16198060981556128,0.15635921645227824,0.048529179134736325,0.9132896308523298,1000000.0,0.002640483048411149,0.022892794862122534,0.7813074139383915,0.7821396075232042,0.16198060981556128,0.15635921645227824,0.048580177708519044,0.6258053198877939,1000000.0,0.0026404830484111504,0.05983585554317047,0.5318992960817265,0.52821496819335,0.33458686250866665,0.33405180319629035,0.053673283043299116,0.8357935018957257,1000000.0,0.0060838827476031665,0.040086379901853965,0.5318992960817265,0.52821496819335,0.2334240896085617,0.2310916069754369,0.11538998392009096,0.7478662562684467,1000000.0,0.004507811797332878,0.1947556186053296,0.5318992960817265,0.52821496819335,1.1968653419872217,1.2021190594504938,0.08351574451690337,1.2786666869613819,1000000.0,0.004507811797332878,0.08162005817527111,0.5318992960817265,0.52821496819335,1.1968653419872217,1.2021190594504938,0.05960371622453735,0.6167957237167305,1000000.0,0.006469545257717892,0.06987870542700109,0.5318992960817265,0.52821496819335,0.2804962753193222,0.27226854462826233,0.13832159547812248,1.3968562136498437,1000000.0,0.015468469324333848,0.2218222304200366,0.5318992960817265,0.52821496819335,2.6559798593586312,2.657924362350077,0.1045301220072918,0.9856357474205267,1000000.0,0.004507811797332881,0.1292009208005721,0.5318992960817265,0.52821496819335,1.197954699587504,1.202119059450494,0.10161695919767932,0.9303775469969141,1000000.0,0.004507811797332878,0.1410844583838837,0.5318992960817265,0.52821496819335,1.1957759843869387,1.2021190594504934,0.12511797009261705,0.9959071784002897,1000000.0,0.004507811797332878,0.19480851035181446,0.5318992960817265,0.52821496819335,1.1968653419872215,1.2021190594504936,0.08169026617651451,1.5825019644966951,1000000.0,0.004507811797332881,0.061317257239248885,0.5318992960817265,0.52821496819335,1.1968653419872224,1.202119059450494,2.04,0.0,0.013333333333333334,0.0,1.0,0.9466666666666667,1.0,0.0,0.2,0.09333333333333334,0.8666666666666667,0.0,0.0,0.2,0.011482003835799717,0.007991327750251036,0.00656565953184318,0.024736842105263158,0.011379627742964115,0.00797284548803807,0.006476146502894043,0.024736842105263158,0.011401809009417818,0.00797842390348266,0.006508140024737632,0.024736842105263158,0.011550113852979351,0.008077351717238552,0.006581756749314515,0.024736842105263158,0.011512954787662823,0.008094619879215174,0.006529602090183855,0.024736842105263158,0.011556643176527819,0.008126388222102739,0.00655095075624582,0.024736842105263158,0.011569481399252035,0.008144892265042992,0.006547707140649345,0.024736842105263158,0.012239082812670995,0.007631578947368381,0.006534432936443708,0.024736842105263158,0.010709914882633382,0.0059312405184706,0.007530653717940758,0.024736842105263158,0.008897213017009128,-2.8302831236329505e-05,14.293800000000001,-0.031508771929824576,0.0005855139373678413,0.0015459710041189603
all,filenames_in_cluster_train KMeans test nclus 8,1,96,73.45156471715558,0.07106791666696329,0.27975937500002157,0.6910952382526498,2.704541207271797,0.6902297755869871,2.702902603309234,-6.951844324203898e-09,2.6410129280668423e-07,-3.228739450909067e-06,1.069294297328268e-05,0.0037155454296883407,4.354466131456949e-05,-4.731610650417219e-08,2.3713248640373326e-06,-4.6539854583676776e-05,0.00043689044394538886,0.012912811494708994,8.277922873514827e-05,-772014.5776040563,35525.74292949939,-2360.0933901552053,48.639922414688776,3.5349732000464673,0.0005261700242621309,19.29057291150093,0.2923350516415029,0.29040739187260484,0.01514247263112965,0.015042405375995964,1.0061794971387965,0.0020209804916514165,0.038904299420173434,0.7622016901063677,1000000.0,0.010867829808368002,0.011152398350053922,0.6902297755869871,0.6910952382526498,0.20355220382337116,0.20429533754458773,0.24457192010114284,4.89128697274945,1000000.0,0.010867829808368002,0.1194829628877749,4.625198349413423,4.624332886747761,0.20355220382337116,0.20429533754458773,0.17530056293315655,2.663012435084025,1000000.0,0.010867829808368002,0.5656452217934704,1.967484286913218,1.9666188242475553,2.702902603309234,2.704541207271797,0.20252257247118302,2.8489127429255503,1000000.0,0.07461908937914168,0.2833651741084499,1.967484286913218,1.9666188242475553,2.612525521691176,2.6108869177286125,0.10564169619627,1.6952585628939891,1000000.0,0.03187562978538679,0.06297333599199059,1.967484286913218,1.9666188242475553,0.20355220382337116,0.20429533754458773,0.07821098173250973,1.5143465865670676,1000000.0,0.04401067716637297,0.05239761102979378,1.3809464623759504,1.3696694338596016,0.20355220382337116,0.20429533754458773,0.14213945820779336,2.6536456501788113,1000000.0,0.022275017549636872,0.07365246949777113,2.554022111450485,2.563568214635509,0.20355220382337116,0.20429533754458773,0.1353144215080003,1.4997625653270987,1000000.0,0.02227501754963687,0.2671961468828435,1.967484286913218,1.9666188242475553,0.6358752211370405,0.6473478819040199,0.15215121809779966,1.8318573476661149,1000000.0,0.0414762420211367,0.16825138488559624,1.967484286913218,1.9666188242475553,0.5413492837282388,0.5501222456163609,0.2783535507223043,1.4462962615643524,1000000.0,0.010867829808368,0.9597805533369747,1.967484286913218,1.9666188242475553,2.702902603309234,2.704541207271797,0.2158706678986413,2.8994354495842294,1000000.0,0.010867829808368,0.3977535845460634,1.967484286913218,1.9666188242475553,2.702902603309234,2.704541207271797,0.16138479161251706,1.305349187132464,1000000.0,0.04343078542672157,0.36085584192567616,1.967484286913218,1.9666188242475553,0.6809654430059054,0.6716523590924549,0.3289446617422838,2.908368711725714,1000000.0,0.06516644504345763,1.082546065238178,1.967484286913218,1.9666188242475553,6.0867706496243725,6.080734773636049,0.2596375076011987,1.9458198679487893,1000000.0,0.010867829808368009,0.6074786896371908,1.967484286913218,1.9666188242475553,2.705428959075501,2.7045412072717974,0.2516759138769006,2.331275702526907,1000000.0,0.010867829808367995,0.7184626350913205,1.967484286913218,1.9666188242475553,2.7003762475429656,2.704541207271797,0.30055384180153305,2.198581548461313,1000000.0,0.010867829808368,0.9498702872552074,1.967484286913218,1.9666188242475553,2.702902603309234,2.704541207271797,0.2140205972136141,4.131154640270801,1000000.0,0.010867829808368009,0.27200140271842915,1.967484286913218,1.9666188242475553,2.7029026033092354,2.7045412072717974,2.5833333333333335,0.0,0.0,0.0,1.0,1.0,1.0,0.0,0.14583333333333334,0.020833333333333332,1.0,0.0,0.0,0.0625,0.010007009572443404,0.007533938393794091,0.005275934299462489,0.02449972587719298,0.010311598329427954,0.00778401496736892,0.005443179224124072,0.02449972587719298,0.01033976547782283,0.007771650762787171,0.00549936140717873,0.02449972587719298,0.010346042096054294,0.007817643036734172,0.005433416867232358,0.02449972587719298,0.010363152733421371,0.007828062801685456,0.005446093667457498,0.02449972587719298,0.010377941038947064,0.00786345098772113,0.00542886801694114,0.02449972587719298,0.010403344687409735,0.00788534888710555,0.0054435226432074995,0.02449972587719298,0.01212186478850793,0.007469846491228035,0.006578947368421008,0.02449972587719298,0.010544643313726286,0.005943743787670247,0.007332850428677279,0.02449972587719298,0.015956294554682886,2.828297783403792e-06,29.94265625,0.01847587719298244,0.00054081706213689,0.00015470622245432677
all,filenames_in_cluster_train KMeans test nclus 8,3,31,-28.18595744129087,0.04534064516112645,0.08729999999994859,0.4308520771984301,0.883372159441106,0.43073551312781977,0.8836186909027195,7.846331485226657e-08,-4.355966645966125e-06,8.789410115015524e-05,-0.0007304903123505171,0.0029169953194526544,0.012632368577351848,-3.4626132822194173e-08,2.0774231845633926e-06,-5.561034724055615e-05,0.0006434021825063893,0.001053575980064911,0.013562060675706826,0.0,0.0,0.0,0.0,0.0,0.0,19.296935489100793,0.1552047250727017,0.06592081204465028,0.008000388619023063,0.0034419792964839315,3.4787940565262523,0.0026764293935614245,0.032427928041585966,0.41249805443442006,1000000.0,0.002313688322578892,0.0033616662967789293,0.43073551312781977,0.4308520771984301,0.22754865634554092,0.22652165964995644,0.07472393946528512,1.424106281961067,1000000.0,0.002313688322578892,0.05150119380980354,1.307654164286815,1.3075376002162045,0.22754865634554092,0.22652165964995644,0.05724875503034169,0.625101678656462,1000000.0,0.002313688322578892,0.08740085547630937,0.47284925154829943,0.4725653487982212,0.8836186909027195,0.883372159441106,0.0642827060585224,0.9602214654848601,1000000.0,0.012403222799982306,0.050572066028332675,0.47284925154829943,0.4725653487982212,0.854770986511915,0.8550175179735283,0.040760394044723466,0.6334759618855894,1000000.0,0.00571531109676987,0.02535606230758924,0.47284925154829943,0.4725653487982212,0.22754865634554092,0.22652165964995644,0.033537948216583714,0.5721581482452576,1000000.0,0.006365737228373641,0.02124626341851259,0.33475913830527043,0.3321404949101069,0.22754865634554092,0.22652165964995644,0.04716927094158293,0.8287833302787163,1000000.0,0.004248876267926316,0.03063522692529962,0.645707542523518,0.6486375191646158,0.22754865634554092,0.22652165964995644,0.0443302115695467,0.58139777406517,1000000.0,0.004248876267926316,0.04802259867371191,0.47284925154829943,0.4725653487982212,0.2647358792236004,0.26547670061590417,0.048812635913581606,0.6525255790400994,1000000.0,0.007194700878519539,0.03521767564095489,0.47284925154829943,0.4725653487982212,0.2802380557062399,0.2806652079938104,0.08735564367629396,0.6017120908280726,1000000.0,0.002313688322578892,0.14888047076857405,0.47284925154829943,0.4725653487982212,0.8836186909027195,0.8833721594411059,0.07325934237873105,1.0829329766945064,1000000.0,0.002313688322578892,0.06440302043122491,0.47284925154829943,0.4725653487982212,0.8836186909027195,0.883372159441106,0.0507297631076051,0.5624005384485861,1000000.0,0.0074962088091900395,0.05544204305574406,0.47284925154829943,0.4725653487982212,0.29883134760198793,0.2968499024136767,0.10761418156062345,1.1290484611752731,1000000.0,0.009703113180307426,0.1691180769483852,0.47284925154829943,0.4725653487982212,1.9902993087404428,1.987542869062143,0.08291818449060526,0.7153702329778268,1000000.0,0.002313688322578892,0.10104460925107654,0.47284925154829943,0.4725653487982212,0.884444925531855,0.8833721594411063,0.08222009633049948,0.893453536115572,1000000.0,0.002313688322578892,0.11129675365611384,0.47284925154829943,0.4725653487982212,0.8827924562735835,0.8833721594411059,0.09294323004339192,0.7557603378310334,1000000.0,0.002313688322578892,0.15026679870016854,0.47284925154829943,0.4725653487982212,0.8836186909027192,0.8833721594411059,0.07372392817538156,1.3158430554759255,1000000.0,0.002313688322578892,0.05451379337733535,0.47284925154829943,0.4725653487982212,0.8836186909027196,0.8833721594411064,0.06451612903225806,0.0,0.03225806451612903,0.0,1.0,1.0,1.0,0.0,0.3225806451612903,0.0,0.8387096774193549,0.0,0.0,0.06451612903225806,0.01880737143123897,0.012330809927331139,0.011655369732552009,0.047007640067911714,0.018866252220537373,0.012464672141038576,0.011639790028021105,0.047007640067911714,0.01902620949606561,0.012600662397615106,0.011706600876435972,0.047007640067911714,0.019033327934127205,0.012632355254164807,0.01165197925107974,0.047007640067911714,0.019096834727275688,0.01269621007201301,0.011663959652539174,0.047007640067911714,0.0191280835605725,0.012748494619463866,0.011669194348334041,0.047007640067911714,0.019190242200576194,0.012832957582773802,0.011650322261697944,0.047007640067911714,0.014731229555039296,0.010074878485132612,0.006738677646784968,0.047007640067911714,0.01269189284022195,0.00730304190130187,0.008582831866367447,0.047007640067911714,0.008269745407791079,-0.00010249978077845522,15.841290322580646,-0.2213921901528014,0.000538907222649184,-0.0003306081516881944
